osu file format v14

[General]
AudioFilename: audio.mp3
AudioLeadIn: 0
PreviewTime: -1
Countdown: 0
SampleSet: Normal
StackLeniency: 0.8
Mode: 3
LetterboxInBreaks: 0
SpecialStyle: 0
WidescreenStoryboard: 1

[Editor]
DistanceSpacing: 0.4
BeatDivisor: 4
GridSize: 16
TimelineZoom: 1

[Metadata]
Title:King Conga - Crypt of the NecroDancer OST
TitleUnicode:King Conga - Crypt of the NecroDancer OST
Artist:Danny Baranowsky
ArtistUnicode:Danny Baranowsky
Creator:Rebuser
Version:Easy
Source:Crypt of the NecroDancer
Tags:Crypt_of_the_NecroDancer game rhythm
BeatmapID:3104383
BeatmapSetID:1516441

[Difficulty]
HPDrainRate:2.3
CircleSize:4
OverallDifficulty:4.5
ApproachRate:5
SliderMultiplier:1.2
SliderTickRate:1

[Events]
//Background and Video events
0,0,"cryot.jpg",0,0
//Break Periods
//Storyboard Layer 0 (Background)
//Storyboard Layer 1 (Fail)
//Storyboard Layer 2 (Pass)
//Storyboard Layer 3 (Foreground)
//Storyboard Layer 4 (Overlay)
//Storyboard Sound Samples

[TimingPoints]
-0.11558817778864,500,4,1,0,100,1,0
15999,-100,4,1,0,100,0,1
30999,-100,4,1,0,100,0,0


[HitObjects]
192,192,0,5,0,0:0:0:0:
320,192,374,1,0,0:0:0:0:
192,192,749,1,0,0:0:0:0:
64,192,999,1,0,0:0:0:0:
192,192,1374,1,0,0:0:0:0:
64,192,1749,1,0,0:0:0:0:
192,192,1999,1,0,0:0:0:0:
192,192,2374,1,0,0:0:0:0:
320,192,2749,1,0,0:0:0:0:
448,192,2999,1,0,0:0:0:0:
64,192,2999,1,0,0:0:0:0:
320,192,3999,1,0,0:0:0:0:
192,192,4374,1,0,0:0:0:0:
320,192,4749,1,0,0:0:0:0:
64,192,4999,1,0,0:0:0:0:
64,192,5374,1,0,0:0:0:0:
192,192,5749,1,0,0:0:0:0:
320,192,5999,1,0,0:0:0:0:
192,192,6374,1,0,0:0:0:0:
320,192,6749,1,0,0:0:0:0:
64,192,6999,1,0,0:0:0:0:
448,192,6999,1,0,0:0:0:0:
192,192,7999,1,0,0:0:0:0:
448,192,8374,1,0,0:0:0:0:
192,192,8749,1,0,0:0:0:0:
192,192,8999,1,0,0:0:0:0:
64,192,9374,1,0,0:0:0:0:
320,192,9749,1,0,0:0:0:0:
448,192,9999,1,0,0:0:0:0:
64,192,10374,1,0,0:0:0:0:
320,192,10624,1,0,0:0:0:0:
64,192,10749,1,0,0:0:0:0:
448,192,10999,1,0,0:0:0:0:
64,192,10999,1,0,0:0:0:0:
64,192,11999,1,0,0:0:0:0:
320,192,12374,1,0,0:0:0:0:
448,192,12624,1,0,0:0:0:0:
320,192,12749,1,0,0:0:0:0:
192,192,12999,1,0,0:0:0:0:
64,192,13374,1,0,0:0:0:0:
448,192,13624,1,0,0:0:0:0:
64,192,13749,1,0,0:0:0:0:
64,192,13999,1,0,0:0:0:0:
448,192,14374,1,0,0:0:0:0:
64,192,14749,1,0,0:0:0:0:
64,192,14999,1,0,0:0:0:0:
448,192,14999,1,0,0:0:0:0:
64,192,15999,1,0,0:0:0:0:
320,192,16374,1,0,0:0:0:0:
320,192,16749,1,0,0:0:0:0:
64,192,16999,1,0,0:0:0:0:
192,192,17124,1,0,0:0:0:0:
192,192,17374,1,0,0:0:0:0:
448,192,17624,1,0,0:0:0:0:
320,192,17749,1,0,0:0:0:0:
192,192,17874,1,0,0:0:0:0:
448,192,17999,1,0,0:0:0:0:
192,192,18374,1,0,0:0:0:0:
448,192,18749,1,0,0:0:0:0:
192,192,18999,1,0,0:0:0:0:
64,192,19999,1,0,0:0:0:0:
320,192,20374,1,0,0:0:0:0:
320,192,20749,1,0,0:0:0:0:
192,192,20999,1,0,0:0:0:0:
64,192,21124,1,0,0:0:0:0:
64,192,21374,1,0,0:0:0:0:
320,192,21624,1,0,0:0:0:0:
64,192,21749,1,0,0:0:0:0:
192,192,21874,1,0,0:0:0:0:
320,192,21999,1,0,0:0:0:0:
448,192,22374,1,0,0:0:0:0:
192,192,22374,1,0,0:0:0:0:
320,192,22749,1,0,0:0:0:0:
64,192,22999,1,0,0:0:0:0:
448,192,22999,1,0,0:0:0:0:
192,192,23999,128,0,25999:0:0:0:0:
320,192,25999,128,0,26999:0:0:0:0:
64,192,26999,1,0,0:0:0:0:
192,192,27999,128,0,29999:0:0:0:0:
320,192,29999,128,0,30499:0:0:0:0:
448,192,30499,128,0,30999:0:0:0:0:
448,192,31999,128,0,33999:0:0:0:0:
320,192,31999,128,0,32999:0:0:0:0:
64,192,32999,128,0,33999:0:0:0:0:
320,192,33999,128,0,34499:0:0:0:0:
192,192,33999,128,0,34999:0:0:0:0:
64,192,35999,1,0,0:0:0:0:
448,192,36499,1,0,0:0:0:0:
192,192,36999,1,0,0:0:0:0:
320,192,37499,1,0,0:0:0:0:
64,192,37999,1,0,0:0:0:0:
192,192,38499,1,0,0:0:0:0:
64,192,38999,1,0,0:0:0:0:
448,192,38999,1,0,0:0:0:0:
448,192,39749,1,0,0:0:0:0:
64,192,39749,1,0,0:0:0:0:
320,192,39999,1,0,0:0:0:0:
192,192,39999,1,0,0:0:0:0:
