osu file format v12

[General]
AudioFilename: ipaHQyC18Muk.128.mp3
AudioLeadIn: 0
PreviewTime: 13967
Countdown: 0
SampleSet: Normal
StackLeniency: 0.7
Mode: 3
LetterboxInBreaks: 1

[Editor]
DistanceSpacing: 1.2
BeatDivisor: 12
GridSize: 16

[Metadata]
Title:(ANB feat)Etude 25-12
TitleUnicode:(ANB feat)Etude 25-12
Artist:Chopin
ArtistUnicode:Chopin
Creator:Shiragu
Version:Shi-ra's Nyan [EZ]
Source:ANB games
Tags:classic remix
BeatmapID:236601
BeatmapSetID:85621

[Difficulty]
HPDrainRate:4
CircleSize:4
OverallDifficulty:7
ApproachRate:5
SliderMultiplier:1.4
SliderTickRate:1

[Events]
//Background and Video events
0,0,"music-piano_00379118.jpg",0,0
//Break Periods
//Storyboard Layer 0 (Background)
//Storyboard Layer 1 (Fail)
//Storyboard Layer 2 (Pass)
//Storyboard Layer 3 (Foreground)
//Storyboard Sound Samples
//Background Colour Transformations
3,100,163,162,255

[TimingPoints]
0,387.096774193548,4,1,0,100,1,0
13935,-100,4,1,0,100,0,0


[HitObjects]
64,192,1548,1,4,1:0:0:0:
192,192,3096,1,4,3:0:0:0:
64,192,4645,1,4,1:0:0:0:
192,192,6193,1,4,3:0:0:0:
448,192,7741,1,4,1:0:0:0:
64,192,9290,1,4,3:0:0:0:
448,192,10838,1,4,2:0:0:0:
64,192,11612,1,4,3:0:0:0:
448,192,12387,1,4,1:0:0:0:
64,192,12387,1,4,1:0:0:0:
448,192,13161,1,4,3:0:0:0:
64,192,13161,1,4,3:0:0:0:
448,192,13935,1,4,1:0:0:0:
448,192,14709,128,8,15483:3:0:0:0:
64,192,15483,1,4,1:0:0:0:
448,192,16258,128,8,17032:3:0:0:0:
320,192,17032,1,4,1:0:0:0:
64,192,17806,128,8,18580:3:0:0:0:
448,192,18580,1,4,1:0:0:0:
64,192,19354,128,8,20129:3:0:0:0:
320,192,20129,1,4,1:0:0:0:
320,192,20903,128,8,21677:3:0:0:0:
192,192,21677,1,4,1:0:0:0:
192,192,22451,128,8,23225:3:0:0:0:
64,192,23999,128,4,24774:2:0:0:0:
192,192,25548,128,4,26322:3:0:0:0:
448,192,26322,1,4,2:0:0:0:
448,192,27096,1,4,3:0:0:0:
320,192,27870,1,4,2:0:0:0:
320,192,28645,1,4,3:0:0:0:
448,192,29419,1,4,2:0:0:0:
448,192,30193,1,4,3:0:0:0:
64,192,30193,1,4,3:0:0:0:
320,192,30967,1,4,2:0:0:0:
192,192,30967,1,4,2:0:0:0:
320,192,31741,1,4,3:0:0:0:
192,192,31741,1,4,3:0:0:0:
448,192,32516,128,4,33290:2:0:0:0:
320,192,33290,1,4,3:0:0:0:
64,192,34064,128,4,34838:2:0:0:0:
192,192,34838,1,4,3:0:0:0:
320,192,35612,1,4,2:0:0:0:
192,192,35612,1,4,2:0:0:0:
320,192,36387,1,4,3:0:0:0:
192,192,36387,1,4,3:0:0:0:
320,192,37161,1,4,2:0:0:0:
192,192,37161,1,4,2:0:0:0:
448,192,37935,1,4,3:0:0:0:
448,192,38709,128,4,39483:3:0:0:0:
320,192,39483,128,4,40258:2:0:0:0:
192,192,40258,128,4,41032:3:0:0:0:
64,192,41032,128,4,41806:2:0:0:0:
448,192,41806,1,4,3:0:0:0:
192,192,42580,1,4,1:0:0:0:
320,192,43354,1,4,3:0:0:0:
192,192,43354,1,4,3:0:0:0:
320,192,44129,1,4,1:0:0:0:
192,192,44129,1,4,1:0:0:0:
320,192,44903,1,4,3:0:0:0:
192,192,44903,1,4,3:0:0:0:
64,192,45290,1,8,3:0:0:0:
64,192,46064,1,8,3:0:0:0:
320,192,46451,1,4,3:0:0:0:
192,192,46451,1,4,3:0:0:0:
448,192,46838,1,4,2:0:0:0:
448,192,47612,1,8,3:0:0:0:
448,192,47999,1,4,3:0:0:0:
64,192,47999,1,4,3:0:0:0:
320,192,48387,1,4,2:0:0:0:
320,192,49161,1,8,3:0:0:0:
448,192,49548,1,4,3:0:0:0:
64,192,49548,1,4,3:0:0:0:
192,192,49935,1,4,2:0:0:0:
192,192,50709,1,8,3:0:0:0:
448,192,51096,1,4,3:0:0:0:
320,192,51483,1,4,2:0:0:0:
64,192,52258,1,8,3:0:0:0:
192,192,52645,1,4,3:0:0:0:
320,192,53032,1,4,2:0:0:0:
320,192,53806,1,8,3:0:0:0:
192,192,54193,1,4,3:0:0:0:
192,192,54580,1,4,2:0:0:0:
64,192,54580,1,4,2:0:0:0:
320,192,55354,1,8,3:0:0:0:
320,192,55741,1,4,3:0:0:0:
192,192,55741,1,4,3:0:0:0:
320,192,56516,1,4,2:0:0:0:
192,192,56516,1,4,2:0:0:0:
320,192,57290,1,4,3:0:0:0:
448,192,57290,1,4,3:0:0:0:
192,192,57677,1,4,2:0:0:0:
192,192,58451,1,8,3:0:0:0:
192,192,58838,1,4,3:0:0:0:
64,192,58838,1,4,3:0:0:0:
320,192,59225,1,4,2:0:0:0:
320,192,59999,1,0,0:0:0:0:
448,192,60387,128,8,60774:3:0:0:0:
320,192,60774,128,4,61161:1:0:0:0:
192,192,61161,128,4,61548:3:0:0:0:
64,192,61548,128,4,61935:1:0:0:0:
192,192,62322,1,4,2:0:0:0:
448,192,63096,1,4,3:0:0:0:
320,192,63483,1,4,3:0:0:0:
192,192,63483,1,4,3:0:0:0:
448,192,64258,1,4,2:0:0:0:
64,192,64258,1,4,2:0:0:0:
64,192,65032,1,4,3:0:0:0:
192,192,65032,1,4,3:0:0:0:
192,192,65806,1,4,2:0:0:0:
64,192,65806,1,4,2:0:0:0:
448,192,66580,1,4,3:0:0:0:
64,192,66580,1,4,3:0:0:0:
448,192,67354,1,4,2:0:0:0:
64,192,67354,1,4,2:0:0:0:
320,192,67741,1,4,3:0:0:0:
192,192,67741,1,4,3:0:0:0:
448,192,68129,1,8,3:0:0:0:
320,192,68516,1,0,2:0:0:0:
192,192,68903,1,8,3:0:0:0:
64,192,69290,1,0,2:0:0:0:
448,192,69677,1,4,3:0:0:0:
320,192,70064,1,4,2:0:0:0:
192,192,70451,1,4,3:0:0:0:
320,192,70838,1,4,2:0:0:0:
64,192,71225,128,4,72774:1:0:0:0:
448,192,73548,128,4,74322:1:0:0:0:
64,192,74322,1,4,3:0:0:0:
64,192,75096,1,0,0:0:0:0:
320,192,75870,1,4,3:0:0:0:
64,192,76645,1,0,0:0:0:0:
448,192,77419,1,4,3:0:0:0:
64,192,77419,1,4,3:0:0:0:
192,192,78193,1,0,0:0:0:0:
320,192,78967,128,4,80516:1:0:0:0:
192,192,80516,1,4,2:0:0:0:
192,192,81290,1,4,2:0:0:0:
64,192,82064,128,4,83612:2:0:0:0:
448,192,83612,1,8,3:0:0:0:
192,192,84387,1,4,2:0:0:0:
320,192,84387,1,4,2:0:0:0:
448,192,85161,1,4,3:0:0:0:
64,192,85161,1,4,3:0:0:0:
192,192,85935,1,4,2:0:0:0:
320,192,85935,1,4,2:0:0:0:
64,192,86709,128,4,89806:1:0:0:0:
448,192,87483,128,4,89806:1:0:0:0:
