osu file format v14

[General]
AudioFilename: S.S.H. - Bloody Tears [Dracula 2].mp3
AudioLeadIn: 0
PreviewTime: 12405
Countdown: 0
SampleSet: None
StackLeniency: 0.7
Mode: 3
LetterboxInBreaks: 0
SpecialStyle: 0
WidescreenStoryboard: 1

[Editor]
DistanceSpacing: 1.3
BeatDivisor: 8
GridSize: 4
TimelineZoom: 2.599999

[Metadata]
Title:Bloody Tears [Dracula 2]
TitleUnicode:Bloody Tears [Dracula 2]
Artist:S.S.H
ArtistUnicode:S.S.H
Creator:TheGesk
Version:EZ (WIP)
Source:Castlevania
Tags:
BeatmapID:702596
BeatmapSetID:315046

[Difficulty]
HPDrainRate:7
CircleSize:4
OverallDifficulty:7
ApproachRate:5
SliderMultiplier:1.4
SliderTickRate:1

[Events]
//Background and Video events
0,0,"beatmappaper1.jpg",0,0
//Break Periods
//Storyboard Layer 0 (Background)
//Storyboard Layer 1 (Fail)
//Storyboard Layer 2 (Pass)
//Storyboard Layer 3 (Foreground)
//Storyboard Sound Samples

[TimingPoints]
668.050847457627,254.237288135593,4,3,1,40,1,0


[HitObjects]
448,192,254,5,0,0:0:0:0:
192,192,509,1,0,0:0:0:0:
320,192,763,1,0,0:0:0:0:
64,192,1017,1,0,0:0:0:0:
448,192,1271,1,0,0:0:0:0:
64,192,1526,1,0,0:0:0:0:
320,192,1780,1,0,0:0:0:0:
448,192,2034,1,0,0:0:0:0:
192,192,2288,1,0,0:0:0:0:
64,192,2543,1,0,0:0:0:0:
448,192,2797,1,0,0:0:0:0:
192,192,3051,1,0,0:0:0:0:
320,192,3305,1,0,0:0:0:0:
64,192,3559,1,0,0:0:0:0:
448,192,3814,1,0,0:0:0:0:
320,192,4068,1,0,0:0:0:0:
192,192,4322,1,0,0:0:0:0:
64,192,4576,1,0,0:0:0:0:
448,192,4831,1,0,0:0:0:0:
192,192,5085,1,0,0:0:0:0:
320,192,5339,1,0,0:0:0:0:
64,192,5593,1,0,0:0:0:0:
448,192,5848,1,0,0:0:0:0:
192,192,6102,1,0,0:0:0:0:
320,192,6356,1,0,0:0:0:0:
64,192,6610,1,0,0:0:0:0:
448,192,6865,1,0,0:0:0:0:
192,192,7119,1,0,0:0:0:0:
64,192,7373,1,0,0:0:0:0:
320,192,7627,1,0,0:0:0:0:
192,192,7882,1,0,0:0:0:0:
64,192,8136,1,0,0:0:0:0:
448,192,8390,128,0,9915:0:0:0:0:
192,192,8898,1,0,0:0:0:0:
64,192,9915,128,0,10424:0:0:0:0:
320,192,10424,128,0,11441:0:0:0:0:
448,192,10932,1,0,0:0:0:0:
192,192,11568,1,0,0:0:0:0:
64,192,11822,1,0,0:0:0:0:
448,192,12076,1,0,0:0:0:0:
192,192,12331,1,0,0:0:0:0:
64,192,12712,1,0,0:0:0:0:
320,192,12966,1,0,0:0:0:0:
192,192,13221,1,0,0:0:0:0:
448,192,13475,1,0,0:0:0:0:
64,192,13729,1,0,0:0:0:0:
192,192,13983,1,0,0:0:0:0:
448,192,14237,1,0,0:0:0:0:
320,192,14492,1,0,0:0:0:0:
64,192,14746,1,0,0:0:0:0:
192,192,15000,1,0,0:0:0:0:
448,192,15254,1,0,0:0:0:0:
320,192,15509,1,0,0:0:0:0:
64,192,15763,1,0,0:0:0:0:
448,192,16017,1,0,0:0:0:0:
192,192,16271,1,0,0:0:0:0:
320,192,16526,1,0,0:0:0:0:
448,192,16780,1,0,0:0:0:0:
64,192,17034,1,0,0:0:0:0:
192,192,17288,1,0,0:0:0:0:
320,192,17543,1,0,0:0:0:0:
448,192,17797,1,0,0:0:0:0:
64,192,18051,1,0,0:0:0:0:
192,192,18305,1,0,0:0:0:0:
448,192,18559,1,0,0:0:0:0:
320,192,18814,1,0,0:0:0:0:
64,192,19068,1,0,0:0:0:0:
448,192,19322,1,0,0:0:0:0:
192,192,19576,1,0,0:0:0:0:
320,192,19831,1,0,0:0:0:0:
64,192,20085,1,0,0:0:0:0:
448,192,20339,1,0,0:0:0:0:
192,192,20593,1,0,0:0:0:0:
320,192,20848,1,0,0:0:0:0:
64,192,21102,1,0,0:0:0:0:
448,192,21356,1,0,0:0:0:0:
192,192,21610,1,0,0:0:0:0:
448,192,21865,1,0,0:0:0:0:
64,192,22119,1,0,0:0:0:0:
320,192,22373,1,0,0:0:0:0:
448,192,22627,1,0,0:0:0:0:
192,192,22882,1,0,0:0:0:0:
64,192,23136,1,0,0:0:0:0:
320,192,23390,1,0,0:0:0:0:
448,192,23644,1,0,0:0:0:0:
192,192,23898,1,0,0:0:0:0:
64,192,24153,1,0,0:0:0:0:
320,192,24407,1,0,0:0:0:0:
448,192,24661,1,0,0:0:0:0:
192,192,24915,1,0,0:0:0:0:
64,192,25170,1,0,0:0:0:0:
448,192,25424,1,0,0:0:0:0:
320,192,25678,1,0,0:0:0:0:
192,192,25932,1,0,0:0:0:0:
64,192,26187,1,0,0:0:0:0:
448,192,26441,1,0,0:0:0:0:
192,192,26695,1,0,0:0:0:0:
320,192,26949,1,0,0:0:0:0:
64,192,27204,1,0,0:0:0:0:
448,192,27458,1,0,0:0:0:0:
192,192,27712,1,0,0:0:0:0:
320,192,27966,1,0,0:0:0:0:
64,192,28221,1,0,0:0:0:0:
448,192,28475,1,0,0:0:0:0:
192,192,28729,1,0,0:0:0:0:
320,192,28983,1,0,0:0:0:0:
64,192,29237,1,0,0:0:0:0:
448,192,29492,1,0,0:0:0:0:
192,192,29746,1,0,0:0:0:0:
64,192,30127,128,0,30509:0:0:0:0:
192,192,30509,1,0,0:0:0:0:
448,192,30763,1,0,0:0:0:0:
64,192,31144,128,0,32288:0:0:0:0:
320,192,31526,1,0,0:0:0:0:
448,192,32034,1,0,0:0:0:0:
192,192,32543,1,0,0:0:0:0:
448,192,32797,1,0,0:0:0:0:
64,192,33051,1,0,0:0:0:0:
320,192,33559,128,0,34576:0:0:0:0:
192,192,34068,1,0,0:0:0:0:
448,192,34576,1,0,0:0:0:0:
64,192,34831,1,0,0:0:0:0:
320,192,35212,128,0,35593:0:0:0:0:
192,192,35593,128,0,36102:0:0:0:0:
448,192,36102,1,0,0:0:0:0:
64,192,36356,1,0,0:0:0:0:
448,192,36610,1,0,0:0:0:0:
320,192,36865,1,0,0:0:0:0:
64,192,37119,1,0,0:0:0:0:
192,192,37627,1,0,0:0:0:0:
448,192,37882,1,0,0:0:0:0:
64,192,38136,1,0,0:0:0:0:
448,192,38390,1,0,0:0:0:0:
64,192,38644,1,0,0:0:0:0:
320,192,38898,1,0,0:0:0:0:
192,192,39153,1,0,0:0:0:0:
64,192,39661,128,0,40551:0:0:0:0:
320,192,39661,1,0,0:0:0:0:
448,192,40170,1,0,0:0:0:0:
320,192,40678,1,0,0:0:0:0:
448,192,41187,1,0,0:0:0:0:
64,192,41441,1,0,0:0:0:0:
192,192,41695,1,0,0:0:0:0:
64,192,41949,1,0,0:0:0:0:
320,192,42204,1,0,0:0:0:0:
448,192,42458,1,0,0:0:0:0:
64,192,42712,1,0,0:0:0:0:
192,192,42966,128,0,43983:0:0:0:0:
320,192,43983,128,0,45000:0:0:0:0:
64,192,44746,1,0,0:0:0:0:
192,192,45254,1,0,0:0:0:0:
320,192,45509,1,0,0:0:0:0:
448,192,45763,1,0,0:0:0:0:
192,192,46017,1,0,0:0:0:0:
64,192,46271,1,0,0:0:0:0:
192,192,46526,1,0,0:0:0:0:
320,192,46780,1,0,0:0:0:0:
192,192,47066,1,0,0:0:0:0:
448,192,47288,1,0,0:0:0:0:
320,192,47543,1,0,0:0:0:0:
192,192,47797,1,0,0:0:0:0:
448,192,48051,1,0,0:0:0:0:
192,192,48305,1,0,0:0:0:0:
448,192,48559,1,0,0:0:0:0:
64,192,48814,1,0,0:0:0:0:
448,192,49068,1,0,0:0:0:0:
320,192,49322,1,0,0:0:0:0:
64,192,49576,1,0,0:0:0:0:
192,192,49831,1,0,0:0:0:0:
448,192,50085,1,0,0:0:0:0:
320,192,50339,1,0,0:0:0:0:
192,192,50593,1,0,0:0:0:0:
320,192,50848,1,0,0:0:0:0:
64,192,51102,128,0,51483:0:0:0:0:
320,192,51483,128,0,51865:0:0:0:0:
64,192,52119,128,0,52500:0:0:0:0:
448,192,52500,128,0,52882:0:0:0:0:
192,192,53136,1,0,0:0:0:0:
448,192,53390,1,0,0:0:0:0:
192,192,53898,1,0,0:0:0:0:
64,192,54153,1,0,0:0:0:0:
320,192,54534,1,0,0:0:0:0:
448,192,54915,1,0,0:0:0:0:
64,192,55170,128,0,57458:0:0:0:0:
320,192,55424,1,0,0:0:0:0:
448,192,55932,1,0,0:0:0:0:
192,192,56441,1,0,0:0:0:0:
320,192,56949,1,0,0:0:0:0:
320,192,57458,1,0,0:0:0:0:
448,192,57712,1,0,0:0:0:0:
192,192,58221,1,0,0:0:0:0:
64,192,58475,1,0,0:0:0:0:
320,192,58729,1,0,0:0:0:0:
64,192,58983,1,0,0:0:0:0:
448,192,58983,1,0,0:0:0:0:
192,192,59237,1,0,0:0:0:0:
64,192,59492,1,0,0:0:0:0:
448,192,59492,1,0,0:0:0:0:
320,192,59619,128,0,60763:0:0:0:0:
64,192,60763,128,0,61271:0:0:0:0:
448,192,61271,1,0,0:0:0:0:
320,192,61398,1,0,0:0:0:0:
192,192,61526,1,0,0:0:0:0:
64,192,61653,1,0,0:0:0:0:
320,192,61780,1,0,0:0:0:0:
192,192,61907,1,0,0:0:0:0:
448,192,62034,1,0,0:0:0:0:
64,192,62161,1,0,0:0:0:0:
320,192,62288,1,0,0:0:0:0:
192,192,62543,1,0,0:0:0:0:
64,192,62543,128,0,63051:0:0:0:0:
448,192,63051,1,0,0:0:0:0:
320,192,63178,1,0,0:0:0:0:
192,192,63305,1,0,0:0:0:0:
448,192,63432,1,0,0:0:0:0:
64,192,63559,1,0,0:0:0:0:
320,192,63687,1,0,0:0:0:0:
64,192,63941,1,0,0:0:0:0:
192,192,64068,1,0,0:0:0:0:
448,192,64068,1,0,0:0:0:0:
320,192,64322,1,0,0:0:0:0:
64,192,64449,1,0,0:0:0:0:
192,192,64576,1,0,0:0:0:0:
448,192,64704,1,0,0:0:0:0:
320,192,64831,1,0,0:0:0:0:
64,192,64958,1,0,0:0:0:0:
192,192,65085,1,0,0:0:0:0:
448,192,65085,1,0,0:0:0:0:
320,192,65339,128,0,66038:0:0:0:0:
64,192,65593,1,0,0:0:0:0:
448,192,66102,1,0,0:0:0:0:
192,192,66356,1,0,0:0:0:0:
320,192,66610,1,0,0:0:0:0:
448,192,66610,1,0,0:0:0:0:
64,192,66865,1,0,0:0:0:0:
192,192,66865,1,0,0:0:0:0:
320,192,66992,1,0,0:0:0:0:
448,192,67119,1,0,0:0:0:0:
192,192,67373,1,0,0:0:0:0:
64,192,67627,1,0,0:0:0:0:
448,192,67627,1,0,0:0:0:0:
192,192,67882,1,0,0:0:0:0:
320,192,68009,1,0,0:0:0:0:
64,192,68136,1,0,0:0:0:0:
448,192,68390,1,0,0:0:0:0:
192,192,68517,1,0,0:0:0:0:
320,192,68644,1,0,0:0:0:0:
64,192,68644,1,0,0:0:0:0:
448,192,68898,1,0,0:0:0:0:
192,192,69153,1,0,0:0:0:0:
320,192,69153,1,0,0:0:0:0:
64,192,69407,1,0,0:0:0:0:
448,192,69598,1,0,0:0:0:0:
320,192,69757,1,0,0:0:0:0:
192,192,69915,1,0,0:0:0:0:
64,192,70106,1,0,0:0:0:0:
320,192,70265,1,0,0:0:0:0:
448,192,70424,1,0,0:0:0:0:
192,192,70678,1,0,0:0:0:0:
64,192,70678,1,0,0:0:0:0:
320,192,70932,1,0,0:0:0:0:
448,192,70932,1,0,0:0:0:0:
192,192,71059,1,0,0:0:0:0:
64,192,71187,1,0,0:0:0:0:
448,192,71314,128,0,71568:0:0:0:0:
192,192,71568,1,0,0:0:0:0:
64,192,71695,1,0,0:0:0:0:
320,192,71949,1,0,0:0:0:0:
192,192,72076,1,0,0:0:0:0:
448,192,72204,1,0,0:0:0:0:
64,192,72331,1,0,0:0:0:0:
320,192,72585,1,0,0:0:0:0:
448,192,72712,1,0,0:0:0:0:
192,192,72839,1,0,0:0:0:0:
320,192,73093,1,0,0:0:0:0:
64,192,73221,1,0,0:0:0:0:
448,192,73348,1,0,0:0:0:0:
192,192,73475,1,0,0:0:0:0:
320,192,73602,1,0,0:0:0:0:
64,192,73729,1,0,0:0:0:0:
448,192,73856,1,0,0:0:0:0:
320,192,73983,1,0,0:0:0:0:
192,192,74110,1,0,0:0:0:0:
448,192,74237,1,0,0:0:0:0:
64,192,74365,1,0,0:0:0:0:
320,192,74492,1,0,0:0:0:0:
448,192,74619,1,0,0:0:0:0:
192,192,74746,1,0,0:0:0:0:
320,192,74873,1,0,0:0:0:0:
64,192,75254,1,0,0:0:0:0:
192,192,75254,1,0,0:0:0:0:
320,192,75382,1,0,0:0:0:0:
448,192,75382,1,0,0:0:0:0:
64,192,75509,1,0,0:0:0:0:
192,192,75636,1,0,0:0:0:0:
448,192,75763,1,0,0:0:0:0:
320,192,75890,1,0,0:0:0:0:
64,192,76017,1,0,0:0:0:0:
448,192,76176,1,0,0:0:0:0:
192,192,76271,1,0,0:0:0:0:
320,192,76398,1,0,0:0:0:0:
448,192,76526,1,0,0:0:0:0:
192,192,76526,128,0,76907:0:0:0:0:
320,192,76907,128,0,77288:0:0:0:0:
64,192,76907,1,0,0:0:0:0:
448,192,77288,1,0,0:0:0:0:
192,192,77415,1,0,0:0:0:0:
448,192,77543,128,0,77924:0:0:0:0:
64,192,77543,1,0,0:0:0:0:
320,192,77797,1,0,0:0:0:0:
64,192,77924,128,0,78305:0:0:0:0:
192,192,78178,1,0,0:0:0:0:
448,192,78305,1,0,0:0:0:0:
320,192,78432,1,0,0:0:0:0:
192,192,78559,1,0,0:0:0:0:
64,192,78814,1,0,0:0:0:0:
448,192,78814,1,0,0:0:0:0:
192,192,78941,1,0,0:0:0:0:
448,192,79068,1,0,0:0:0:0:
64,192,79195,1,0,0:0:0:0:
320,192,79322,1,0,0:0:0:0:
64,192,79576,1,0,0:0:0:0:
448,192,79704,1,0,0:0:0:0:
192,192,79831,1,0,0:0:0:0:
320,192,79958,1,0,0:0:0:0:
448,192,80085,1,0,0:0:0:0:
64,192,80212,1,0,0:0:0:0:
320,192,80339,1,0,0:0:0:0:
192,192,80466,1,0,0:0:0:0:
64,192,80593,1,0,0:0:0:0:
448,192,80721,1,0,0:0:0:0:
320,192,80848,1,0,0:0:0:0:
64,192,80975,1,0,0:0:0:0:
192,192,81102,1,0,0:0:0:0:
448,192,81229,1,0,0:0:0:0:
64,192,81356,1,0,0:0:0:0:
320,192,81483,1,0,0:0:0:0:
192,192,81610,1,0,0:0:0:0:
64,192,81865,1,0,0:0:0:0:
448,192,82119,1,0,0:0:0:0:
192,192,82246,1,0,0:0:0:0:
320,192,82373,1,0,0:0:0:0:
64,192,82500,1,0,0:0:0:0:
448,192,82627,1,0,0:0:0:0:
192,192,82754,1,0,0:0:0:0:
320,192,82882,1,0,0:0:0:0:
64,192,83009,1,0,0:0:0:0:
448,192,83009,1,0,0:0:0:0:
192,192,83136,1,0,0:0:0:0:
320,192,83263,1,0,0:0:0:0:
448,192,83390,1,0,0:0:0:0:
192,192,83390,1,0,0:0:0:0:
64,192,83644,1,0,0:0:0:0:
192,192,83898,1,0,0:0:0:0:
320,192,83898,1,0,0:0:0:0:
448,192,84089,128,0,85424:0:0:0:0:
64,192,84407,1,0,0:0:0:0:
320,192,84915,1,0,0:0:0:0:
320,192,85424,128,0,86441:0:0:0:0:
64,192,85424,1,0,0:0:0:0:
192,192,85932,1,0,0:0:0:0:
448,192,86314,1,0,0:0:0:0:
64,192,86695,1,0,0:0:0:0:
448,192,86695,1,0,0:0:0:0:
192,192,86949,1,0,0:0:0:0:
320,192,86949,1,0,0:0:0:0:
192,192,87204,1,0,0:0:0:0:
448,192,87204,1,0,0:0:0:0:
64,192,87458,1,0,0:0:0:0:
320,192,87458,1,0,0:0:0:0:
192,192,87712,1,0,0:0:0:0:
64,192,87712,128,0,89237:0:0:0:0:
448,192,87966,1,0,0:0:0:0:
320,192,88475,1,0,0:0:0:0:
448,192,88983,1,0,0:0:0:0:
192,192,89237,1,0,0:0:0:0:
448,192,89365,1,0,0:0:0:0:
320,192,89492,1,0,0:0:0:0:
192,192,89619,1,0,0:0:0:0:
64,192,89746,1,0,0:0:0:0:
192,192,90000,1,0,0:0:0:0:
448,192,90000,1,0,0:0:0:0:
320,192,90127,1,0,0:0:0:0:
64,192,90254,1,0,0:0:0:0:
448,192,90382,1,0,0:0:0:0:
192,192,90509,1,0,0:0:0:0:
320,192,90636,1,0,0:0:0:0:
64,192,90763,1,0,0:0:0:0:
448,192,90890,1,0,0:0:0:0:
192,192,91017,1,0,0:0:0:0:
320,192,91144,1,0,0:0:0:0:
64,192,91271,1,0,0:0:0:0:
448,192,91398,1,0,0:0:0:0:
192,192,91526,1,0,0:0:0:0:
320,192,91653,1,0,0:0:0:0:
64,192,91780,1,0,0:0:0:0:
448,192,91907,1,0,0:0:0:0:
192,192,92034,1,0,0:0:0:0:
320,192,92161,1,0,0:0:0:0:
64,192,92288,1,0,0:0:0:0:
448,192,92415,1,0,0:0:0:0:
192,192,92543,1,0,0:0:0:0:
320,192,92670,1,0,0:0:0:0:
64,192,92797,1,0,0:0:0:0:
448,192,92924,1,0,0:0:0:0:
64,192,93051,1,0,0:0:0:0:
320,192,93178,1,0,0:0:0:0:
192,192,93432,1,0,0:0:0:0:
448,192,93559,1,0,0:0:0:0:
192,192,93814,1,0,0:0:0:0:
64,192,94068,1,0,0:0:0:0:
320,192,94068,1,0,0:0:0:0:
448,192,94322,1,0,0:0:0:0:
192,192,94449,1,0,0:0:0:0:
320,192,94576,1,0,0:0:0:0:
64,192,94831,1,0,0:0:0:0:
448,192,94958,1,0,0:0:0:0:
192,192,95085,1,0,0:0:0:0:
320,192,95212,1,0,0:0:0:0:
64,192,95339,1,0,0:0:0:0:
192,192,95466,1,0,0:0:0:0:
448,192,95593,1,0,0:0:0:0:
192,192,95848,1,0,0:0:0:0:
320,192,95848,1,0,0:0:0:0:
64,192,96102,1,0,0:0:0:0:
448,192,96102,1,0,0:0:0:0:
192,192,96356,1,0,0:0:0:0:
320,192,96356,1,0,0:0:0:0:
448,192,96483,1,0,0:0:0:0:
64,192,96610,1,0,0:0:0:0:
192,192,96865,1,0,0:0:0:0:
320,192,96992,1,0,0:0:0:0:
64,192,97119,1,0,0:0:0:0:
448,192,97373,1,0,0:0:0:0:
320,192,97500,1,0,0:0:0:0:
192,192,97627,1,0,0:0:0:0:
64,192,97882,1,0,0:0:0:0:
448,192,98009,1,0,0:0:0:0:
192,192,98136,1,0,0:0:0:0:
448,192,98390,1,0,0:0:0:0:
64,192,98517,1,0,0:0:0:0:
320,192,98644,1,0,0:0:0:0:
192,192,98898,1,0,0:0:0:0:
320,192,99026,1,0,0:0:0:0:
448,192,99153,1,0,0:0:0:0:
64,192,99407,1,0,0:0:0:0:
192,192,99407,1,0,0:0:0:0:
320,192,99661,1,0,0:0:0:0:
448,192,99661,1,0,0:0:0:0:
64,192,99915,1,0,0:0:0:0:
320,192,99915,1,0,0:0:0:0:
192,192,100170,1,0,0:0:0:0:
448,192,100170,1,0,0:0:0:0:
64,192,100424,1,0,0:0:0:0:
448,192,100424,1,0,0:0:0:0:
192,192,100678,1,0,0:0:0:0:
320,192,100678,1,0,0:0:0:0:
64,192,100932,1,0,0:0:0:0:
448,192,100932,1,0,0:0:0:0:
448,192,101187,1,0,0:0:0:0:
192,192,101187,1,0,0:0:0:0:
64,192,101441,1,0,0:0:0:0:
320,192,101441,1,0,0:0:0:0:
192,192,101695,1,0,0:0:0:0:
320,192,101695,1,0,0:0:0:0:
448,192,101949,1,0,0:0:0:0:
64,192,102076,1,0,0:0:0:0:
320,192,102204,1,0,0:0:0:0:
192,192,102331,1,0,0:0:0:0:
448,192,102458,1,0,0:0:0:0:
64,192,102585,1,0,0:0:0:0:
320,192,102712,1,0,0:0:0:0:
192,192,102839,1,0,0:0:0:0:
448,192,102966,1,0,0:0:0:0:
64,192,103093,1,0,0:0:0:0:
320,192,103221,1,0,0:0:0:0:
192,192,103475,1,0,0:0:0:0:
448,192,103729,1,0,0:0:0:0:
64,192,103983,1,0,0:0:0:0:
320,192,104110,1,0,0:0:0:0:
192,192,104237,1,0,0:0:0:0:
448,192,104365,1,0,0:0:0:0:
64,192,104492,1,0,0:0:0:0:
320,192,104619,1,0,0:0:0:0:
192,192,104746,1,0,0:0:0:0:
64,192,104873,1,0,0:0:0:0:
448,192,105000,1,0,0:0:0:0:
320,192,105127,1,0,0:0:0:0:
192,192,105254,1,0,0:0:0:0:
448,192,105382,1,0,0:0:0:0:
64,192,105509,1,0,0:0:0:0:
320,192,105636,1,0,0:0:0:0:
192,192,105763,1,0,0:0:0:0:
448,192,105890,1,0,0:0:0:0:
64,192,106017,1,0,0:0:0:0:
192,192,106144,1,0,0:0:0:0:
448,192,106271,1,0,0:0:0:0:
320,192,106398,1,0,0:0:0:0:
64,192,106526,1,0,0:0:0:0:
192,192,106653,1,0,0:0:0:0:
448,192,106780,1,0,0:0:0:0:
320,192,106907,1,0,0:0:0:0:
192,192,107034,1,0,0:0:0:0:
448,192,107161,1,0,0:0:0:0:
64,192,107288,1,0,0:0:0:0:
320,192,107415,1,0,0:0:0:0:
192,192,107543,1,0,0:0:0:0:
448,192,107670,1,0,0:0:0:0:
64,192,107797,1,0,0:0:0:0:
192,192,108051,1,0,0:0:0:0:
320,192,108051,1,0,0:0:0:0:
448,192,108178,1,0,0:0:0:0:
64,192,108305,1,0,0:0:0:0:
192,192,108432,1,0,0:0:0:0:
320,192,108559,1,0,0:0:0:0:
192,192,108687,1,0,0:0:0:0:
448,192,108782,1,0,0:0:0:0:
64,192,108941,1,0,0:0:0:0:
320,192,109068,1,0,0:0:0:0:
448,192,109322,1,0,0:0:0:0:
192,192,109449,1,0,0:0:0:0:
64,192,109576,1,0,0:0:0:0:
320,192,109799,1,0,0:0:0:0:
192,192,109894,1,0,0:0:0:0:
448,192,109990,1,0,0:0:0:0:
64,192,110085,1,0,0:0:0:0:
320,192,110212,1,0,0:0:0:0:
192,192,110339,1,0,0:0:0:0:
448,192,110466,1,0,0:0:0:0:
64,192,110593,1,0,0:0:0:0:
320,192,110721,1,0,0:0:0:0:
448,192,110816,1,0,0:0:0:0:
192,192,110943,1,0,0:0:0:0:
64,192,111102,1,0,0:0:0:0:
320,192,111229,1,0,0:0:0:0:
64,192,111483,1,0,0:0:0:0:
448,192,111483,1,0,0:0:0:0:
320,192,111610,1,0,0:0:0:0:
192,192,111737,1,0,0:0:0:0:
448,192,111865,1,0,0:0:0:0:
64,192,112119,1,0,0:0:0:0:
320,192,112119,128,0,113644:0:0:0:0:
448,192,112341,1,0,0:0:0:0:
192,192,112596,1,0,0:0:0:0:
64,192,112850,1,0,0:0:0:0:
448,192,113104,1,0,0:0:0:0:
64,192,113644,128,0,114153:0:0:0:0:
448,192,114153,128,0,115297:0:0:0:0:
320,192,114153,1,0,0:0:0:0:
192,192,114407,1,0,0:0:0:0:
64,192,114884,1,0,0:0:0:0:
192,192,115424,1,0,0:0:0:0:
64,192,115551,1,0,0:0:0:0:
320,192,115678,1,0,0:0:0:0:
64,192,115805,1,0,0:0:0:0:
448,192,115932,1,0,0:0:0:0:
192,192,116059,1,0,0:0:0:0:
320,192,116187,128,0,116568:0:0:0:0:
448,192,116409,1,0,0:0:0:0:
64,192,116568,128,0,116949:0:0:0:0:
192,192,116949,128,0,117331:0:0:0:0:
448,192,116949,1,0,0:0:0:0:
320,192,117458,1,0,0:0:0:0:
64,192,117585,1,0,0:0:0:0:
192,192,117712,1,0,0:0:0:0:
448,192,117839,1,0,0:0:0:0:
320,192,117966,1,0,0:0:0:0:
64,192,118093,1,0,0:0:0:0:
192,192,118221,1,0,0:0:0:0:
448,192,118221,128,0,119492:0:0:0:0:
320,192,118443,1,0,0:0:0:0:
64,192,118951,1,0,0:0:0:0:
192,192,119206,1,0,0:0:0:0:
320,192,119492,1,0,0:0:0:0:
192,192,119746,1,0,0:0:0:0:
448,192,120000,1,0,0:0:0:0:
64,192,120254,1,0,0:0:0:0:
320,192,120254,1,0,0:0:0:0:
192,192,120382,1,0,0:0:0:0:
320,192,120509,1,0,0:0:0:0:
448,192,120636,1,0,0:0:0:0:
320,192,120890,1,0,0:0:0:0:
64,192,121017,1,0,0:0:0:0:
448,192,121144,1,0,0:0:0:0:
192,192,121271,1,0,0:0:0:0:
320,192,121398,1,0,0:0:0:0:
64,192,121526,1,0,0:0:0:0:
448,192,121653,1,0,0:0:0:0:
192,192,121780,1,0,0:0:0:0:
320,192,121907,1,0,0:0:0:0:
64,192,122034,1,0,0:0:0:0:
448,192,122034,1,0,0:0:0:0:
192,192,122288,1,0,0:0:0:0:
320,192,122543,1,0,0:0:0:0:
448,192,122670,1,0,0:0:0:0:
64,192,122797,1,0,0:0:0:0:
192,192,122924,1,0,0:0:0:0:
320,192,123051,1,0,0:0:0:0:
64,192,123178,1,0,0:0:0:0:
448,192,123305,1,0,0:0:0:0:
192,192,123432,1,0,0:0:0:0:
320,192,123559,1,0,0:0:0:0:
448,192,123814,1,0,0:0:0:0:
64,192,123941,1,0,0:0:0:0:
320,192,124068,1,0,0:0:0:0:
192,192,124195,1,0,0:0:0:0:
448,192,124322,1,0,0:0:0:0:
64,192,124576,1,0,0:0:0:0:
320,192,124704,1,0,0:0:0:0:
192,192,124831,1,0,0:0:0:0:
448,192,124958,1,0,0:0:0:0:
64,192,125053,1,0,0:0:0:0:
320,192,125307,1,0,0:0:0:0:
64,192,125434,1,0,0:0:0:0:
448,192,125562,1,0,0:0:0:0:
320,192,125625,1,0,0:0:0:0:
192,192,125689,1,0,0:0:0:0:
448,192,125816,1,0,0:0:0:0:
64,192,125816,1,0,0:0:0:0:
320,192,125943,1,0,0:0:0:0:
192,192,126070,1,0,0:0:0:0:
448,192,126197,1,0,0:0:0:0:
64,192,126356,1,0,0:0:0:0:
320,192,126579,1,0,0:0:0:0:
192,192,126737,1,0,0:0:0:0:
448,192,126833,1,0,0:0:0:0:
64,192,126960,1,0,0:0:0:0:
320,192,127087,1,0,0:0:0:0:
192,192,127341,1,0,0:0:0:0:
448,192,127468,1,0,0:0:0:0:
320,192,127596,1,0,0:0:0:0:
64,192,127850,1,0,0:0:0:0:
320,192,127977,1,0,0:0:0:0:
192,192,128104,1,0,0:0:0:0:
448,192,128231,1,0,0:0:0:0:
320,192,128390,1,0,0:0:0:0:
64,192,128390,128,0,128644:0:0:0:0:
192,192,128644,128,0,128898:0:0:0:0:
320,192,128898,128,0,129153:0:0:0:0:
448,192,129153,128,0,129407:0:0:0:0:
64,192,129153,1,0,0:0:0:0:
192,192,129407,1,0,0:0:0:0:
320,192,129502,1,0,0:0:0:0:
64,192,129629,1,0,0:0:0:0:
448,192,129757,1,0,0:0:0:0:
192,192,130011,1,0,0:0:0:0:
320,192,130138,1,0,0:0:0:0:
64,192,130265,1,0,0:0:0:0:
448,192,130424,1,0,0:0:0:0:
192,192,130424,128,0,131949:0:0:0:0:
320,192,130678,1,0,0:0:0:0:
64,192,130805,1,0,0:0:0:0:
448,192,130932,1,0,0:0:0:0:
320,192,131187,1,0,0:0:0:0:
64,192,131695,1,0,0:0:0:0:
320,192,132076,1,0,0:0:0:0:
64,192,132204,1,0,0:0:0:0:
448,192,132299,1,0,0:0:0:0:
192,192,132426,1,0,0:0:0:0:
64,192,132680,1,0,0:0:0:0:
448,192,132680,1,0,0:0:0:0:
320,192,132839,1,0,0:0:0:0:
192,192,132966,1,0,0:0:0:0:
448,192,133093,1,0,0:0:0:0:
64,192,133221,1,0,0:0:0:0:
320,192,133348,1,0,0:0:0:0:
192,192,133475,1,0,0:0:0:0:
64,192,133729,1,0,0:0:0:0:
448,192,133729,1,0,0:0:0:0:
320,192,133824,1,0,0:0:0:0:
192,192,133951,1,0,0:0:0:0:
320,192,134206,1,0,0:0:0:0:
448,192,134333,1,0,0:0:0:0:
64,192,134460,1,0,0:0:0:0:
320,192,134714,1,0,0:0:0:0:
192,192,134714,1,0,0:0:0:0:
448,192,134841,1,0,0:0:0:0:
64,192,135000,1,0,0:0:0:0:
192,192,135127,1,0,0:0:0:0:
448,192,135223,1,0,0:0:0:0:
320,192,135350,1,0,0:0:0:0:
64,192,135477,1,0,0:0:0:0:
448,192,135604,1,0,0:0:0:0:
192,192,135731,1,0,0:0:0:0:
320,192,135890,1,0,0:0:0:0:
64,192,135985,1,0,0:0:0:0:
448,192,136112,1,0,0:0:0:0:
192,192,136240,1,0,0:0:0:0:
320,192,136367,1,0,0:0:0:0:
64,192,136494,1,0,0:0:0:0:
448,192,136621,1,0,0:0:0:0:
192,192,136748,1,0,0:0:0:0:
320,192,136748,1,0,0:0:0:0:
64,192,136875,1,0,0:0:0:0:
448,192,137002,1,0,0:0:0:0:
320,192,137129,1,0,0:0:0:0:
192,192,137257,1,0,0:0:0:0:
64,192,137384,1,0,0:0:0:0:
448,192,137511,1,0,0:0:0:0:
192,192,137638,1,0,0:0:0:0:
320,192,137765,1,0,0:0:0:0:
64,192,137892,1,0,0:0:0:0:
448,192,138019,1,0,0:0:0:0:
192,192,138146,1,0,0:0:0:0:
320,192,138273,1,0,0:0:0:0:
64,192,138401,1,0,0:0:0:0:
448,192,138559,128,0,138941:0:0:0:0:
192,192,138559,1,0,0:0:0:0:
64,192,138782,1,0,0:0:0:0:
320,192,138941,128,0,139322:0:0:0:0:
64,192,139322,1,0,0:0:0:0:
192,192,139449,1,0,0:0:0:0:
448,192,139576,1,0,0:0:0:0:
64,192,139576,128,0,139958:0:0:0:0:
320,192,139767,1,0,0:0:0:0:
192,192,139958,128,0,140339:0:0:0:0:
448,192,139958,1,0,0:0:0:0:
320,192,140339,1,0,0:0:0:0:
64,192,140466,1,0,0:0:0:0:
448,192,140593,128,0,140975:0:0:0:0:
192,192,140593,1,0,0:0:0:0:
64,192,140848,1,0,0:0:0:0:
320,192,140975,128,0,141356:0:0:0:0:
192,192,141356,1,0,0:0:0:0:
448,192,141451,1,0,0:0:0:0:
64,192,141579,1,0,0:0:0:0:
320,192,141706,1,0,0:0:0:0:
192,192,141833,1,0,0:0:0:0:
448,192,141960,1,0,0:0:0:0:
64,192,142087,1,0,0:0:0:0:
320,192,142214,1,0,0:0:0:0:
192,192,142341,1,0,0:0:0:0:
448,192,142341,1,0,0:0:0:0:
64,192,142468,1,0,0:0:0:0:
320,192,142596,1,0,0:0:0:0:
192,192,142850,1,0,0:0:0:0:
448,192,142977,1,0,0:0:0:0:
64,192,143104,1,0,0:0:0:0:
320,192,143231,1,0,0:0:0:0:
64,192,143390,1,0,0:0:0:0:
192,192,143390,1,0,0:0:0:0:
320,192,143644,1,0,0:0:0:0:
448,192,143644,1,0,0:0:0:0:
64,192,143771,1,0,0:0:0:0:
192,192,143898,1,0,0:0:0:0:
448,192,144121,1,0,0:0:0:0:
320,192,144280,1,0,0:0:0:0:
192,192,144407,1,0,0:0:0:0:
448,192,144661,1,0,0:0:0:0:
64,192,144661,128,0,144915:0:0:0:0:
192,192,144915,1,0,0:0:0:0:
448,192,145043,128,0,145297:0:0:0:0:
64,192,145297,1,0,0:0:0:0:
192,192,145424,128,0,145678:0:0:0:0:
320,192,145424,1,0,0:0:0:0:
64,192,145678,1,0,0:0:0:0:
320,192,145805,1,0,0:0:0:0:
448,192,146028,1,0,0:0:0:0:
64,192,146028,1,0,0:0:0:0:
320,192,146187,1,0,0:0:0:0:
192,192,146409,1,0,0:0:0:0:
64,192,146695,128,0,149492:0:0:0:0:
448,192,146695,1,0,0:0:0:0:
320,192,146918,1,0,0:0:0:0:
192,192,147172,1,0,0:0:0:0:
448,192,147426,1,0,0:0:0:0:
192,192,147680,1,0,0:0:0:0:
320,192,147934,1,0,0:0:0:0:
448,192,148189,1,0,0:0:0:0:
192,192,148443,1,0,0:0:0:0:
320,192,148697,1,0,0:0:0:0:
448,192,148951,1,0,0:0:0:0:
192,192,149206,1,0,0:0:0:0:
448,192,149492,1,0,0:0:0:0:
320,192,149619,1,0,0:0:0:0:
192,192,149746,1,0,0:0:0:0:
320,192,149841,1,0,0:0:0:0:
64,192,149968,1,0,0:0:0:0:
448,192,150096,1,0,0:0:0:0:
320,192,150223,1,0,0:0:0:0:
64,192,150350,1,0,0:0:0:0:
192,192,150477,1,0,0:0:0:0:
448,192,150604,1,0,0:0:0:0:
320,192,150731,1,0,0:0:0:0:
64,192,150858,1,0,0:0:0:0:
192,192,150985,1,0,0:0:0:0:
448,192,151112,1,0,0:0:0:0:
64,192,151240,1,0,0:0:0:0:
320,192,151367,1,0,0:0:0:0:
448,192,151494,1,0,0:0:0:0:
192,192,151621,1,0,0:0:0:0:
320,192,151748,1,0,0:0:0:0:
64,192,151875,1,0,0:0:0:0:
448,192,152002,1,0,0:0:0:0:
64,192,152129,1,0,0:0:0:0:
320,192,152257,1,0,0:0:0:0:
192,192,152384,1,0,0:0:0:0:
448,192,152511,1,0,0:0:0:0:
64,192,152638,1,0,0:0:0:0:
320,192,152765,1,0,0:0:0:0:
192,192,152892,1,0,0:0:0:0:
448,192,153019,1,0,0:0:0:0:
320,192,153146,1,0,0:0:0:0:
64,192,153273,1,0,0:0:0:0:
192,192,153401,1,0,0:0:0:0:
320,192,153528,1,0,0:0:0:0:
448,192,153655,1,0,0:0:0:0:
192,192,153782,1,0,0:0:0:0:
64,192,153909,1,0,0:0:0:0:
320,192,154036,1,0,0:0:0:0:
448,192,154163,1,0,0:0:0:0:
320,192,154290,1,0,0:0:0:0:
64,192,154418,1,0,0:0:0:0:
192,192,154545,1,0,0:0:0:0:
448,192,154672,1,0,0:0:0:0:
320,192,154799,1,0,0:0:0:0:
192,192,154799,128,0,155816:0:0:0:0:
64,192,155053,1,0,0:0:0:0:
448,192,155307,1,0,0:0:0:0:
320,192,155562,1,0,0:0:0:0:
64,192,155816,1,0,0:0:0:0:
448,192,155943,1,0,0:0:0:0:
320,192,156070,1,0,0:0:0:0:
64,192,156197,1,0,0:0:0:0:
448,192,156324,1,0,0:0:0:0:
192,192,156451,1,0,0:0:0:0:
320,192,156579,1,0,0:0:0:0:
64,192,156579,128,0,156833:0:0:0:0:
192,192,156833,1,0,0:0:0:0:
320,192,156960,1,0,0:0:0:0:
448,192,157087,1,0,0:0:0:0:
64,192,157214,1,0,0:0:0:0:
192,192,157341,1,0,0:0:0:0:
448,192,157468,1,0,0:0:0:0:
320,192,157596,1,0,0:0:0:0:
64,192,157723,1,0,0:0:0:0:
192,192,157850,1,0,0:0:0:0:
448,192,157977,1,0,0:0:0:0:
320,192,158104,1,0,0:0:0:0:
192,192,158231,1,0,0:0:0:0:
64,192,158358,1,0,0:0:0:0:
320,192,158485,1,0,0:0:0:0:
448,192,158612,1,0,0:0:0:0:
192,192,158740,1,0,0:0:0:0:
64,192,158867,1,0,0:0:0:0:
320,192,158994,1,0,0:0:0:0:
448,192,159121,1,0,0:0:0:0:
192,192,159248,1,0,0:0:0:0:
64,192,159375,1,0,0:0:0:0:
320,192,159502,1,0,0:0:0:0:
448,192,159629,1,0,0:0:0:0:
64,192,159757,1,0,0:0:0:0:
448,192,159884,1,0,0:0:0:0:
64,192,160011,1,0,0:0:0:0:
448,192,160138,1,0,0:0:0:0:
192,192,160265,1,0,0:0:0:0:
320,192,160392,1,0,0:0:0:0:
192,192,160519,1,0,0:0:0:0:
320,192,160646,1,0,0:0:0:0:
448,192,160773,1,0,0:0:0:0:
64,192,160901,1,0,0:0:0:0:
448,192,161028,1,0,0:0:0:0:
64,192,161155,1,0,0:0:0:0:
448,192,161282,1,0,0:0:0:0:
64,192,161409,1,0,0:0:0:0:
192,192,161536,1,0,0:0:0:0:
320,192,161663,1,0,0:0:0:0:
192,192,161790,1,0,0:0:0:0:
320,192,161918,1,0,0:0:0:0:
448,192,162045,1,0,0:0:0:0:
64,192,162172,1,0,0:0:0:0:
320,192,162299,1,0,0:0:0:0:
192,192,162426,1,0,0:0:0:0:
448,192,162553,1,0,0:0:0:0:
64,192,162680,1,0,0:0:0:0:
320,192,162807,1,0,0:0:0:0:
192,192,162934,1,0,0:0:0:0:
64,192,163062,1,0,0:0:0:0:
448,192,163189,1,0,0:0:0:0:
192,192,163316,1,0,0:0:0:0:
320,192,163443,1,0,0:0:0:0:
64,192,163570,1,0,0:0:0:0:
448,192,163697,1,0,0:0:0:0:
192,192,163824,1,0,0:0:0:0:
320,192,163951,1,0,0:0:0:0:
64,192,164079,1,0,0:0:0:0:
448,192,164206,1,0,0:0:0:0:
320,192,164333,1,0,0:0:0:0:
192,192,164460,1,0,0:0:0:0:
64,192,164587,1,0,0:0:0:0:
448,192,164714,1,0,0:0:0:0:
320,192,164841,1,0,0:0:0:0:
192,192,164968,1,0,0:0:0:0:
64,192,165096,1,0,0:0:0:0:
192,192,165223,1,0,0:0:0:0:
320,192,165350,1,0,0:0:0:0:
448,192,165477,1,0,0:0:0:0:
64,192,165604,1,0,0:0:0:0:
192,192,165731,1,0,0:0:0:0:
320,192,165858,1,0,0:0:0:0:
448,192,165985,1,0,0:0:0:0:
320,192,166112,1,0,0:0:0:0:
192,192,166240,1,0,0:0:0:0:
64,192,166367,1,0,0:0:0:0:
448,192,166494,1,0,0:0:0:0:
64,192,166621,1,0,0:0:0:0:
192,192,166748,1,0,0:0:0:0:
448,192,166875,1,0,0:0:0:0:
192,192,167002,1,0,0:0:0:0:
320,192,167129,1,0,0:0:0:0:
448,192,167257,1,0,0:0:0:0:
320,192,167384,1,0,0:0:0:0:
448,192,167511,1,0,0:0:0:0:
64,192,167638,1,0,0:0:0:0:
448,192,167765,1,0,0:0:0:0:
192,192,167892,1,0,0:0:0:0:
448,192,168019,1,0,0:0:0:0:
320,192,168146,1,0,0:0:0:0:
448,192,168273,1,0,0:0:0:0:
64,192,168401,1,0,0:0:0:0:
320,192,168528,1,0,0:0:0:0:
64,192,168655,1,0,0:0:0:0:
192,192,168782,1,0,0:0:0:0:
448,192,168909,1,0,0:0:0:0:
192,192,169036,1,0,0:0:0:0:
320,192,169163,1,0,0:0:0:0:
64,192,169290,1,0,0:0:0:0:
448,192,169418,1,0,0:0:0:0:
192,192,169545,1,0,0:0:0:0:
320,192,169672,1,0,0:0:0:0:
64,192,169799,1,0,0:0:0:0:
448,192,169926,1,0,0:0:0:0:
64,192,170053,1,0,0:0:0:0:
192,192,170180,1,0,0:0:0:0:
320,192,170307,1,0,0:0:0:0:
448,192,170434,1,0,0:0:0:0:
320,192,170562,1,0,0:0:0:0:
192,192,170689,1,0,0:0:0:0:
64,192,170816,1,0,0:0:0:0:
448,192,170943,1,0,0:0:0:0:
320,192,171070,1,0,0:0:0:0:
64,192,171197,1,0,0:0:0:0:
192,192,171324,1,0,0:0:0:0:
448,192,171451,1,0,0:0:0:0:
320,192,171579,1,0,0:0:0:0:
64,192,171706,1,0,0:0:0:0:
192,192,171833,1,0,0:0:0:0:
448,192,171960,1,0,0:0:0:0:
320,192,172087,1,0,0:0:0:0:
64,192,172214,1,0,0:0:0:0:
192,192,172341,1,0,0:0:0:0:
320,192,172468,1,0,0:0:0:0:
448,192,172596,1,0,0:0:0:0:
