osu file format v14

[General]
AudioFilename: audio.mp3
AudioLeadIn: 0
PreviewTime: 40030
Countdown: 0
SampleSet: Soft
StackLeniency: 0.7
Mode: 3
LetterboxInBreaks: 0
SpecialStyle: 0
WidescreenStoryboard: 1

[Editor]
Bookmarks: 28122,34085,52516,52818,56568,62062
DistanceSpacing: 1.5
BeatDivisor: 16
GridSize: 4
TimelineZoom: 3.399999

[Metadata]
Title:Darkness Of Fear_Castlevania Judgment
TitleUnicode:Darkness Of Fear_Castlevania Judgment
Artist:Yasushi Asada
ArtistUnicode:Yasushi Asada
Creator:alan555
Version:Vampire
Source:Castlevania Judgment
Tags:
BeatmapID:2853357
BeatmapSetID:1380961

[Difficulty]
HPDrainRate:7
CircleSize:4
OverallDifficulty:7
ApproachRate:5
SliderMultiplier:1.4
SliderTickRate:1

[Events]
//Background and Video events
0,0,"shanoa castlevania.jpg",0,0
//Break Periods
//Storyboard Layer 0 (Background)
//Storyboard Layer 1 (Fail)
//Storyboard Layer 2 (Pass)
//Storyboard Layer 3 (Foreground)
//Storyboard Layer 4 (Overlay)
//Storyboard Sound Samples

[TimingPoints]
0,300,4,2,0,50,1,0
12110,300,4,2,0,50,1,0
14585,-100,4,2,0,50,0,1
20941,-100,4,2,0,50,0,0
40160,-100,4,2,0,50,0,1
43141,-100,4,2,0,50,0,0
46537,-100,4,2,0,50,0,1
64891,-100,4,2,0,50,0,0


[HitObjects]
64,192,918,5,4,0:0:0:0:
448,192,1312,1,0,0:0:0:0:
320,192,2531,1,0,0:0:0:0:
192,192,2925,1,0,0:0:0:0:
64,192,4125,1,4,0:0:0:0:
320,192,4518,1,0,0:0:0:0:
448,192,5737,1,0,0:0:0:0:
192,192,6131,1,0,0:0:0:0:
64,192,7331,1,0,0:0:0:0:
448,192,7331,1,0,0:0:0:0:
192,192,7725,1,0,0:0:0:0:
320,192,7725,1,0,0:0:0:0:
320,192,8906,1,0,0:0:0:0:
192,192,8906,1,0,0:0:0:0:
448,192,9318,1,0,0:0:0:0:
64,192,9318,1,0,0:0:0:0:
64,192,10518,1,0,0:0:0:0:
192,192,10518,1,0,0:0:0:0:
320,192,10912,1,0,0:0:0:0:
448,192,10912,1,0,0:0:0:0:
448,192,12110,1,4,0:0:0:0:
320,192,12428,1,0,0:0:0:0:
192,192,12728,1,0,0:0:0:0:
64,192,12991,1,0,0:0:0:0:
448,192,13328,1,0,0:0:0:0:
192,192,13722,1,0,0:0:0:0:
320,192,14135,1,0,0:0:0:0:
64,192,14547,1,0,0:0:0:0:
64,192,15297,128,0,15728:0:0:0:0:
192,192,15297,128,0,15728:0:0:0:0:
448,192,15728,1,0,0:0:0:0:
320,192,16122,128,0,16497:0:0:0:0:
64,192,16497,1,0,0:0:0:0:
64,192,16910,128,0,17303:0:0:0:0:
448,192,17303,1,0,0:0:0:0:
320,192,17735,1,0,0:0:0:0:
192,192,17735,1,0,0:0:0:0:
320,192,18297,1,0,0:0:0:0:
192,192,18410,1,0,0:0:0:0:
64,192,18503,1,0,0:0:0:0:
64,192,19478,128,0,20285:0:0:0:0:
192,192,19703,128,0,20285:0:0:0:0:
320,192,19891,128,0,20285:0:0:0:0:
448,192,20097,128,0,20285:0:0:0:0:
192,192,20491,1,0,0:0:0:0:
320,192,20491,1,0,0:0:0:0:
448,192,20922,1,0,0:0:0:0:
64,192,21560,1,0,0:0:0:0:
192,192,21653,1,0,0:0:0:0:
320,192,21728,1,0,0:0:0:0:
64,192,22122,1,0,0:0:0:0:
320,192,22535,1,0,0:0:0:0:
320,192,22722,1,0,0:0:0:0:
192,192,22928,1,0,0:0:0:0:
64,192,23341,1,0,0:0:0:0:
64,192,23528,1,0,0:0:0:0:
448,192,23716,1,0,0:0:0:0:
448,192,24147,128,4,26510:0:0:0:0:
64,192,24935,128,0,26510:0:0:0:0:
192,192,25328,128,0,26510:0:0:0:0:
320,192,25685,128,4,26510:0:0:0:0:
64,192,27335,1,0,0:0:0:0:
64,192,27728,1,0,0:0:0:0:
320,192,27728,1,0,0:0:0:0:
320,192,28103,1,0,0:0:0:0:
448,192,28497,1,0,0:0:0:0:
192,192,28497,1,0,0:0:0:0:
192,192,28703,1,4,0:0:0:0:
64,192,29735,1,0,0:0:0:0:
192,192,29941,1,0,0:0:0:0:
320,192,30110,1,0,0:0:0:0:
448,192,30316,1,0,0:0:0:0:
192,192,32322,1,0,0:0:0:0:
448,192,32322,1,0,0:0:0:0:
320,192,32528,1,0,0:0:0:0:
64,192,32716,1,0,0:0:0:0:
192,192,32903,1,0,0:0:0:0:
320,192,32903,1,0,0:0:0:0:
448,192,33316,1,4,0:0:0:0:
192,192,34103,1,0,0:0:0:0:
64,192,34103,1,0,0:0:0:0:
448,192,34497,1,0,0:0:0:0:
320,192,34928,1,0,0:0:0:0:
448,192,34928,1,0,0:0:0:0:
64,192,35097,128,0,35341:0:0:0:0:
64,192,35510,1,0,0:0:0:0:
320,192,35697,1,0,0:0:0:0:
448,192,36091,1,0,0:0:0:0:
192,192,36335,1,0,0:0:0:0:
320,192,36522,1,0,0:0:0:0:
448,192,36691,1,0,0:0:0:0:
64,192,36691,1,0,0:0:0:0:
64,192,36897,1,4,0:0:0:0:
64,192,37328,1,0,0:0:0:0:
320,192,37328,1,0,0:0:0:0:
320,192,37722,1,0,0:0:0:0:
192,192,37722,1,0,0:0:0:0:
192,192,38116,1,0,0:0:0:0:
448,192,38116,1,0,0:0:0:0:
448,192,38528,1,0,0:0:0:0:
64,192,39147,1,0,0:0:0:0:
192,192,39222,1,0,0:0:0:0:
320,192,39316,1,4,0:0:0:0:
448,192,40122,1,0,0:0:0:0:
320,192,40328,1,0,0:0:0:0:
448,192,40516,1,0,0:0:0:0:
64,192,40703,1,0,0:0:0:0:
192,192,40891,1,0,0:0:0:0:
64,192,41116,1,0,0:0:0:0:
192,192,41303,1,0,0:0:0:0:
320,192,41303,1,0,0:0:0:0:
448,192,41922,1,0,0:0:0:0:
320,192,42128,1,0,0:0:0:0:
192,192,42335,1,0,0:0:0:0:
64,192,42503,1,0,0:0:0:0:
64,192,43141,1,0,0:0:0:0:
320,192,43310,1,0,0:0:0:0:
448,192,43516,1,0,0:0:0:0:
320,192,43722,1,0,0:0:0:0:
448,192,43910,1,0,0:0:0:0:
192,192,44135,1,0,0:0:0:0:
64,192,44322,1,0,0:0:0:0:
320,192,44528,1,0,0:0:0:0:
192,192,44903,1,0,0:0:0:0:
448,192,44903,1,0,0:0:0:0:
320,192,45316,1,0,0:0:0:0:
192,192,45316,1,0,0:0:0:0:
64,192,45728,1,0,0:0:0:0:
448,192,45728,1,0,0:0:0:0:
64,192,46122,1,0,0:0:0:0:
320,192,46122,1,0,0:0:0:0:
448,192,46535,1,0,0:0:0:0:
320,192,46741,1,0,0:0:0:0:
448,192,46928,1,0,0:0:0:0:
192,192,47116,1,0,0:0:0:0:
448,192,47322,1,0,0:0:0:0:
320,192,47528,1,0,0:0:0:0:
64,192,47716,1,0,0:0:0:0:
64,192,48128,1,0,0:0:0:0:
320,192,48316,1,0,0:0:0:0:
192,192,48503,1,0,0:0:0:0:
320,192,48710,1,0,0:0:0:0:
64,192,48916,1,0,0:0:0:0:
64,192,49535,1,0,0:0:0:0:
448,192,49703,1,0,0:0:0:0:
320,192,50022,1,0,0:0:0:0:
448,192,50360,1,0,0:0:0:0:
192,192,50547,1,0,0:0:0:0:
320,192,50847,1,0,0:0:0:0:
448,192,51316,1,0,0:0:0:0:
192,192,51316,1,0,0:0:0:0:
64,192,51747,1,0,0:0:0:0:
320,192,51747,1,0,0:0:0:0:
192,192,52103,1,0,0:0:0:0:
320,192,52103,1,0,0:0:0:0:
448,192,52872,1,0,0:0:0:0:
64,192,52872,1,0,0:0:0:0:
320,192,53097,1,0,0:0:0:0:
448,192,53303,1,0,0:0:0:0:
192,192,53510,1,0,0:0:0:0:
320,192,53678,1,0,0:0:0:0:
64,192,53678,1,0,0:0:0:0:
192,192,53903,1,0,0:0:0:0:
320,192,54110,1,0,0:0:0:0:
64,192,54110,1,0,0:0:0:0:
448,192,54503,1,0,0:0:0:0:
192,192,54710,1,0,0:0:0:0:
320,192,54916,1,0,0:0:0:0:
64,192,55103,1,0,0:0:0:0:
192,192,55310,1,0,0:0:0:0:
448,192,55947,1,0,0:0:0:0:
320,192,56135,1,0,0:0:0:0:
320,192,56322,1,0,0:0:0:0:
448,192,56510,1,0,0:0:0:0:
320,192,56716,1,0,0:0:0:0:
320,192,56903,1,0,0:0:0:0:
192,192,57110,1,0,0:0:0:0:
64,192,57316,1,0,0:0:0:0:
192,192,57728,1,0,0:0:0:0:
320,192,58122,1,0,0:0:0:0:
192,192,58122,1,0,0:0:0:0:
448,192,58516,1,0,0:0:0:0:
320,192,58928,1,0,0:0:0:0:
64,192,58928,1,0,0:0:0:0:
448,192,59303,1,0,0:0:0:0:
192,192,59303,1,0,0:0:0:0:
320,192,59510,1,0,0:0:0:0:
448,192,59697,1,0,0:0:0:0:
320,192,59903,1,0,0:0:0:0:
64,192,60110,1,0,0:0:0:0:
192,192,60316,1,0,0:0:0:0:
64,192,60503,1,0,0:0:0:0:
320,192,60503,1,0,0:0:0:0:
448,192,60916,1,0,0:0:0:0:
320,192,61103,1,0,0:0:0:0:
192,192,61103,1,0,0:0:0:0:
64,192,61310,1,0,0:0:0:0:
320,192,61516,1,0,0:0:0:0:
192,192,61516,1,0,0:0:0:0:
448,192,61722,1,0,0:0:0:0:
64,192,61722,1,0,0:0:0:0:
320,192,62341,1,0,0:0:0:0:
64,192,62416,1,0,0:0:0:0:
448,192,62510,1,0,0:0:0:0:
448,192,62828,1,0,0:0:0:0:
192,192,63128,1,0,0:0:0:0:
320,192,63297,1,0,0:0:0:0:
448,192,63597,1,0,0:0:0:0:
64,192,63916,1,0,0:0:0:0:
320,192,64103,1,0,0:0:0:0:
192,192,64516,1,0,0:0:0:0:
320,192,64516,1,0,0:0:0:0:
192,192,64910,1,0,0:0:0:0:
448,192,64910,1,0,0:0:0:0:
64,192,65716,1,0,0:0:0:0:
448,192,65716,1,0,0:0:0:0:
320,192,66503,1,4,0:0:0:0:
192,192,66916,1,0,0:0:0:0:
64,192,67310,1,0,0:0:0:0:
448,192,67310,1,0,0:0:0:0:
192,192,68116,1,0,0:0:0:0:
320,192,68510,1,0,0:0:0:0:
320,192,68922,1,0,0:0:0:0:
192,192,68922,1,0,0:0:0:0:
448,192,69710,1,4,0:0:0:0:
320,192,70103,1,0,0:0:0:0:
192,192,70535,1,0,0:0:0:0:
320,192,70535,1,0,0:0:0:0:
64,192,71303,1,0,0:0:0:0:
192,192,71716,1,0,0:0:0:0:
64,192,72110,1,0,0:0:0:0:
448,192,72110,1,0,0:0:0:0:
320,192,72916,1,0,0:0:0:0:
448,192,73310,1,0,0:0:0:0:
448,192,73722,1,0,0:0:0:0:
64,192,73722,1,0,0:0:0:0:
192,192,74510,1,0,0:0:0:0:
64,192,74922,1,0,0:0:0:0:
448,192,75335,1,0,0:0:0:0:
192,192,75335,1,0,0:0:0:0:
320,192,76103,1,0,0:0:0:0:
64,192,76516,1,0,0:0:0:0:
320,192,76928,1,0,0:0:0:0:
64,192,76928,1,0,0:0:0:0:
192,192,77753,1,0,0:0:0:0:
320,192,78035,1,0,0:0:0:0:
192,192,78353,1,0,0:0:0:0:
448,192,78353,1,0,0:0:0:0:
64,192,78353,1,0,0:0:0:0:
320,192,78353,1,0,0:0:0:0:
