osu file format v14

[General]
AudioFilename: audio.mp3
AudioLeadIn: 0
PreviewTime: -1
Countdown: 0
SampleSet: Normal
StackLeniency: 0.7
Mode: 3
LetterboxInBreaks: 0
CountdownOffset: 1
SpecialStyle: 0
WidescreenStoryboard: 1

[Editor]
DistanceSpacing: 0.5
BeatDivisor: 8
GridSize: 16
TimelineZoom: 3.099998

[Metadata]
Title:Crypteque (1-2 with Shopkeeper) (Unused Version) - Crypt of the NecroDancer
TitleUnicode:Crypteque (1-2 with Shopkeeper) (Unused Version) - Crypt of the NecroDancer
Artist:Silva Gunner
ArtistUnicode:Silva Gunner
Creator:Yumi Yum
Version:Easy
Source:
Tags:
BeatmapID:3339359
BeatmapSetID:1630066

[Difficulty]
HPDrainRate:7
CircleSize:4
OverallDifficulty:7
ApproachRate:5
SliderMultiplier:1.4
SliderTickRate:1

[Events]
//Background and Video events
0,0,"261814825_294482335925034_8091588058092332772_n.png",0,0
//Break Periods
//Storyboard Layer 0 (Background)
//Storyboard Layer 1 (Fail)
//Storyboard Layer 2 (Pass)
//Storyboard Layer 3 (Foreground)
//Storyboard Layer 4 (Overlay)
//Storyboard Sound Samples

[TimingPoints]
-384.860587384314,460.581868427113,4,1,0,100,1,0
-384.860587384314,-66.6666666666667,4,1,0,100,0,0


[HitObjects]
64,192,8308,128,0,12511:0:0:0:0:
448,192,8308,128,0,12511:0:0:0:0:
64,192,14814,1,0,0:0:0:0:
192,192,14814,1,0,0:0:0:0:
64,192,15332,1,0,0:0:0:0:
64,192,15735,1,0,0:0:0:0:
64,192,16196,1,0,0:0:0:0:
192,192,16656,1,0,0:0:0:0:
192,192,17117,1,0,0:0:0:0:
192,192,17577,128,0,17923:0:0:0:0:
448,192,18038,128,0,18383:0:0:0:0:
64,192,18556,1,0,0:0:0:0:
192,192,18556,1,0,0:0:0:0:
448,192,19017,1,0,0:0:0:0:
64,192,19477,1,0,0:0:0:0:
448,192,19938,1,0,0:0:0:0:
64,192,20398,1,0,0:0:0:0:
64,192,20859,1,0,0:0:0:0:
448,192,21320,1,0,0:0:0:0:
448,192,21780,1,0,0:0:0:0:
64,192,22241,1,0,0:0:0:0:
320,192,22241,1,0,0:0:0:0:
192,192,22701,1,0,0:0:0:0:
192,192,23162,1,0,0:0:0:0:
64,192,23622,1,0,0:0:0:0:
448,192,24083,1,0,0:0:0:0:
192,192,24544,1,0,0:0:0:0:
64,192,25004,128,0,25350:0:0:0:0:
448,192,25465,128,0,25810:0:0:0:0:
64,192,25925,1,0,0:0:0:0:
448,192,25925,1,0,0:0:0:0:
192,192,26271,1,0,0:0:0:0:
192,192,26731,1,0,0:0:0:0:
64,192,27134,1,0,0:0:0:0:
448,192,27307,1,0,0:0:0:0:
64,192,27653,1,0,0:0:0:0:
448,192,27768,1,0,0:0:0:0:
64,192,28113,1,0,0:0:0:0:
448,192,28228,1,0,0:0:0:0:
320,192,28574,1,0,0:0:0:0:
448,192,28689,1,0,0:0:0:0:
320,192,29034,1,0,0:0:0:0:
64,192,29149,1,0,0:0:0:0:
448,192,29495,1,0,0:0:0:0:
64,192,29610,128,0,32258:0:0:0:0:
448,192,32374,128,0,33180:0:0:0:0:
192,192,33295,128,0,35943:0:0:0:0:
448,192,36058,128,0,36404:0:0:0:0:
320,192,36519,128,0,36864:0:0:0:0:
192,192,36979,128,0,38822:0:0:0:0:
448,192,38937,128,0,39628:0:0:0:0:
64,192,39743,128,0,40549:0:0:0:0:
192,192,40664,128,0,41470:0:0:0:0:
448,192,41585,128,0,42391:0:0:0:0:
64,192,42506,128,0,43312:0:0:0:0:
448,192,43427,1,0,0:0:0:0:
320,192,43946,1,0,0:0:0:0:
192,192,44349,1,0,0:0:0:0:
64,192,44349,1,0,0:0:0:0:
192,192,48091,1,0,0:0:0:0:
64,192,48091,1,0,0:0:0:0:
64,192,48551,1,0,0:0:0:0:
64,192,49012,1,0,0:0:0:0:
64,192,49473,1,0,0:0:0:0:
192,192,49933,1,0,0:0:0:0:
320,192,50394,1,0,0:0:0:0:
192,192,50854,1,0,0:0:0:0:
192,192,51315,1,0,0:0:0:0:
192,192,51776,1,0,0:0:0:0:
448,192,51776,1,0,0:0:0:0:
448,192,52236,1,0,0:0:0:0:
448,192,52697,1,0,0:0:0:0:
448,192,53157,1,0,0:0:0:0:
448,192,53618,1,0,0:0:0:0:
320,192,54078,1,0,0:0:0:0:
192,192,54539,1,0,0:0:0:0:
448,192,55000,1,0,0:0:0:0:
192,192,55460,1,0,0:0:0:0:
320,192,55460,1,0,0:0:0:0:
320,192,55921,1,0,0:0:0:0:
320,192,56381,1,0,0:0:0:0:
320,192,56842,1,0,0:0:0:0:
192,192,57303,1,0,0:0:0:0:
192,192,57763,1,0,0:0:0:0:
320,192,58224,1,0,0:0:0:0:
64,192,58684,1,0,0:0:0:0:
192,192,59145,1,0,0:0:0:0:
192,192,59605,1,0,0:0:0:0:
320,192,60066,1,0,0:0:0:0:
320,192,60527,1,0,0:0:0:0:
320,192,60987,1,0,0:0:0:0:
448,192,61448,1,0,0:0:0:0:
448,192,61908,1,0,0:0:0:0:
448,192,62369,1,0,0:0:0:0:
320,192,62830,1,0,0:0:0:0:
320,192,63290,1,0,0:0:0:0:
192,192,63751,1,0,0:0:0:0:
192,192,64211,1,0,0:0:0:0:
448,192,64672,1,0,0:0:0:0:
320,192,64672,1,0,0:0:0:0:
64,192,65132,1,0,0:0:0:0:
448,192,65593,1,0,0:0:0:0:
192,192,66054,1,0,0:0:0:0:
320,192,66514,1,0,0:0:0:0:
448,192,66975,1,0,0:0:0:0:
64,192,67435,128,0,67781:0:0:0:0:
320,192,67896,128,0,68241:0:0:0:0:
192,192,68356,1,0,0:0:0:0:
448,192,68356,1,0,0:0:0:0:
448,192,68817,1,0,0:0:0:0:
192,192,69278,1,0,0:0:0:0:
320,192,69738,1,0,0:0:0:0:
64,192,70199,1,0,0:0:0:0:
192,192,70659,1,0,0:0:0:0:
448,192,71120,128,0,71465:0:0:0:0:
64,192,71638,128,0,71984:0:0:0:0:
192,192,72099,1,0,0:0:0:0:
320,192,72099,1,0,0:0:0:0:
64,192,72502,1,0,0:0:0:0:
64,192,72962,1,0,0:0:0:0:
192,192,73423,1,0,0:0:0:0:
320,192,73883,1,0,0:0:0:0:
448,192,74344,1,0,0:0:0:0:
192,192,74805,128,0,75150:0:0:0:0:
320,192,75265,128,0,75611:0:0:0:0:
64,192,75783,1,0,0:0:0:0:
192,192,75783,1,0,0:0:0:0:
448,192,76244,1,0,0:0:0:0:
448,192,76705,1,0,0:0:0:0:
320,192,77165,1,0,0:0:0:0:
192,192,77626,1,0,0:0:0:0:
192,192,78086,1,0,0:0:0:0:
64,192,78547,1,0,0:0:0:0:
448,192,79007,1,0,0:0:0:0:
64,192,79468,1,0,0:0:0:0:
192,192,79468,1,0,0:0:0:0:
448,192,79929,1,0,0:0:0:0:
320,192,80389,1,0,0:0:0:0:
448,192,80735,1,0,0:0:0:0:
64,192,81310,1,0,0:0:0:0:
448,192,81656,1,0,0:0:0:0:
192,192,82232,1,0,0:0:0:0:
64,192,82577,1,0,0:0:0:0:
320,192,82692,1,0,0:0:0:0:
448,192,82692,1,0,0:0:0:0:
448,192,83153,1,0,0:0:0:0:
64,192,83613,1,0,0:0:0:0:
320,192,84074,1,0,0:0:0:0:
192,192,84419,1,0,0:0:0:0:
64,192,84765,1,0,0:0:0:0:
448,192,84995,1,0,0:0:0:0:
448,192,85283,1,0,0:0:0:0:
64,192,85916,1,0,0:0:0:0:
64,192,86204,1,0,0:0:0:0:
