osu file format v14

[General]
AudioFilename: audio.mp3
AudioLeadIn: 0
PreviewTime: 0
Countdown: 0
SampleSet: Soft
StackLeniency: 0.7
Mode: 3
LetterboxInBreaks: 0
SpecialStyle: 0
WidescreenStoryboard: 1

[Editor]
DistanceSpacing: 0.8
BeatDivisor: 4
GridSize: 8
TimelineZoom: 1.1

[Metadata]
Title:Mortal Kombat
TitleUnicode:Mortal Kombat
Artist:The Immortals
ArtistUnicode:The Immortals
Creator:LunarRebel
Version:Easy
Source:
Tags:
BeatmapID:1608939
BeatmapSetID:765193

[Difficulty]
HPDrainRate:5
CircleSize:4
OverallDifficulty:3
ApproachRate:5
SliderMultiplier:1.4
SliderTickRate:1

[Events]
//Background and Video events
0,0,"maxresdefault.jpg",0,0
//Break Periods
//Storyboard Layer 0 (Background)
//Storyboard Layer 1 (Fail)
//Storyboard Layer 2 (Pass)
//Storyboard Layer 3 (Foreground)
//Storyboard Sound Samples

[TimingPoints]
32726,441.176470588235,4,2,0,10,1,0


[HitObjects]
192,192,78,128,0,4490:0:0:0:0:
448,192,4490,128,0,4931:0:0:0:0:
320,192,4931,128,0,5373:0:0:0:0:
192,192,5373,128,0,5593:0:0:0:0:
64,192,5703,1,0,0:0:0:0:
192,192,5814,128,0,6255:0:0:0:0:
448,192,6255,1,0,0:0:0:0:
448,192,6586,1,0,0:0:0:0:
448,192,6917,1,0,0:0:0:0:
448,192,7248,1,0,0:0:0:0:
448,192,7578,1,0,0:0:0:0:
448,192,8020,128,0,8461:0:0:0:0:
320,192,8020,128,0,8461:0:0:0:0:
192,192,8792,128,0,9343:0:0:0:0:
64,192,8792,128,0,9343:0:0:0:0:
64,192,9784,128,0,10446:0:0:0:0:
192,192,10446,128,0,11549:0:0:0:0:
64,192,11549,1,0,0:0:0:0:
64,192,11770,1,0,0:0:0:0:
192,192,11990,1,0,0:0:0:0:
64,192,12211,1,0,0:0:0:0:
320,192,12431,1,0,0:0:0:0:
64,192,12652,1,0,0:0:0:0:
448,192,12873,1,0,0:0:0:0:
320,192,13093,1,0,0:0:0:0:
192,192,13314,1,0,0:0:0:0:
192,192,13534,1,0,0:0:0:0:
320,192,13755,1,0,0:0:0:0:
192,192,13976,1,0,0:0:0:0:
448,192,14196,1,0,0:0:0:0:
192,192,14417,1,0,0:0:0:0:
64,192,14637,1,0,0:0:0:0:
448,192,14858,1,0,0:0:0:0:
64,192,15078,1,0,0:0:0:0:
64,192,15299,1,0,0:0:0:0:
192,192,15520,1,0,0:0:0:0:
64,192,15740,1,0,0:0:0:0:
320,192,15961,1,0,0:0:0:0:
64,192,16181,1,0,0:0:0:0:
448,192,16402,1,0,0:0:0:0:
320,192,16623,1,0,0:0:0:0:
448,192,16843,128,0,17174:0:0:0:0:
320,192,17174,128,0,17505:0:0:0:0:
192,192,17505,128,0,17946:0:0:0:0:
64,192,17946,128,0,18608:0:0:0:0:
320,192,18608,1,0,0:0:0:0:
320,192,18939,1,0,0:0:0:0:
320,192,19270,1,0,0:0:0:0:
320,192,19601,1,0,0:0:0:0:
192,192,19931,1,0,0:0:0:0:
448,192,20152,1,0,0:0:0:0:
320,192,20373,1,0,0:0:0:0:
320,192,20703,1,0,0:0:0:0:
320,192,21034,1,0,0:0:0:0:
320,192,21365,1,0,0:0:0:0:
448,192,21696,1,0,0:0:0:0:
192,192,21917,1,0,0:0:0:0:
320,192,22137,1,0,0:0:0:0:
320,192,22468,1,0,0:0:0:0:
320,192,22799,1,0,0:0:0:0:
320,192,23130,1,0,0:0:0:0:
192,192,23461,1,0,0:0:0:0:
448,192,23681,1,0,0:0:0:0:
320,192,23902,1,0,0:0:0:0:
320,192,24233,1,0,0:0:0:0:
320,192,24564,1,0,0:0:0:0:
320,192,24784,1,0,0:0:0:0:
320,192,25226,1,0,0:0:0:0:
320,192,25667,1,0,0:0:0:0:
320,192,25998,1,0,0:0:0:0:
320,192,26328,1,0,0:0:0:0:
320,192,26659,1,0,0:0:0:0:
448,192,26990,1,0,0:0:0:0:
192,192,27211,1,0,0:0:0:0:
320,192,27431,1,0,0:0:0:0:
320,192,27762,1,0,0:0:0:0:
320,192,28093,1,0,0:0:0:0:
320,192,28424,1,0,0:0:0:0:
192,192,28755,1,0,0:0:0:0:
448,192,28976,1,0,0:0:0:0:
320,192,29196,1,0,0:0:0:0:
320,192,29527,1,0,0:0:0:0:
320,192,29858,1,0,0:0:0:0:
320,192,30189,1,0,0:0:0:0:
448,192,30520,1,0,0:0:0:0:
192,192,30740,1,0,0:0:0:0:
320,192,30961,1,0,0:0:0:0:
320,192,31292,1,0,0:0:0:0:
320,192,31623,1,0,0:0:0:0:
320,192,31843,1,0,0:0:0:0:
320,192,32284,1,0,0:0:0:0:
320,192,32726,1,0,0:0:0:0:
64,192,33056,1,0,0:0:0:0:
192,192,33387,1,0,0:0:0:0:
320,192,33718,1,0,0:0:0:0:
320,192,34049,1,0,0:0:0:0:
192,192,34270,1,0,0:0:0:0:
448,192,34490,1,0,0:0:0:0:
64,192,34821,1,0,0:0:0:0:
192,192,35152,1,0,0:0:0:0:
448,192,35483,1,0,0:0:0:0:
320,192,35814,1,0,0:0:0:0:
64,192,36034,1,0,0:0:0:0:
448,192,36255,1,0,0:0:0:0:
192,192,36586,1,0,0:0:0:0:
320,192,36917,1,0,0:0:0:0:
448,192,37248,1,0,0:0:0:0:
320,192,37578,1,0,0:0:0:0:
192,192,37799,1,0,0:0:0:0:
192,192,38020,1,0,0:0:0:0:
64,192,38351,1,0,0:0:0:0:
320,192,38681,128,0,39123:0:0:0:0:
192,192,39123,128,0,39564:0:0:0:0:
448,192,40005,1,0,0:0:0:0:
448,192,40226,1,0,0:0:0:0:
448,192,40667,1,0,0:0:0:0:
448,192,40998,1,0,0:0:0:0:
448,192,41328,1,0,0:0:0:0:
448,192,41439,1,0,0:0:0:0:
64,192,41770,1,0,0:0:0:0:
64,192,41990,1,0,0:0:0:0:
64,192,42431,1,0,0:0:0:0:
64,192,42762,1,0,0:0:0:0:
64,192,43093,1,0,0:0:0:0:
64,192,43203,1,0,0:0:0:0:
320,192,43534,1,0,0:0:0:0:
320,192,43755,1,0,0:0:0:0:
320,192,44196,1,0,0:0:0:0:
320,192,44527,1,0,0:0:0:0:
320,192,44858,1,0,0:0:0:0:
320,192,44968,1,0,0:0:0:0:
320,192,45078,1,0,0:0:0:0:
192,192,45078,1,0,0:0:0:0:
320,192,45520,1,0,0:0:0:0:
192,192,45520,1,0,0:0:0:0:
320,192,45961,1,0,0:0:0:0:
192,192,45961,1,0,0:0:0:0:
320,192,46402,1,0,0:0:0:0:
192,192,46402,1,0,0:0:0:0:
320,192,46843,128,0,66255:0:0:0:0:
64,192,46843,128,0,47726:0:0:0:0:
64,192,48498,128,0,49270:0:0:0:0:
64,192,50262,128,0,50814:0:0:0:0:
64,192,51917,128,0,52578:0:0:0:0:
64,192,53792,128,0,54343:0:0:0:0:
64,192,55446,128,0,56328:0:0:0:0:
64,192,57321,128,0,57873:0:0:0:0:
64,192,59086,128,0,59748:0:0:0:0:
64,192,60851,128,0,61402:0:0:0:0:
64,192,62615,128,0,63167:0:0:0:0:
64,192,64270,128,0,64821:0:0:0:0:
448,192,66255,128,0,66586:0:0:0:0:
320,192,66586,128,0,66917:0:0:0:0:
192,192,66917,128,0,67358:0:0:0:0:
320,192,67358,128,0,68020:0:0:0:0:
64,192,68020,1,0,0:0:0:0:
64,192,68240,1,0,0:0:0:0:
192,192,68461,1,0,0:0:0:0:
64,192,68681,1,0,0:0:0:0:
320,192,68902,1,0,0:0:0:0:
64,192,69123,1,0,0:0:0:0:
448,192,69343,1,0,0:0:0:0:
320,192,69564,1,0,0:0:0:0:
192,192,69784,1,0,0:0:0:0:
192,192,70005,1,0,0:0:0:0:
320,192,70226,1,0,0:0:0:0:
192,192,70446,1,0,0:0:0:0:
448,192,70667,1,0,0:0:0:0:
192,192,70887,1,0,0:0:0:0:
64,192,71108,1,0,0:0:0:0:
448,192,71328,1,0,0:0:0:0:
64,192,71549,1,0,0:0:0:0:
64,192,71770,1,0,0:0:0:0:
192,192,71990,1,0,0:0:0:0:
64,192,72211,1,0,0:0:0:0:
320,192,72431,1,0,0:0:0:0:
64,192,72652,1,0,0:0:0:0:
448,192,72873,1,0,0:0:0:0:
320,192,73093,1,0,0:0:0:0:
448,192,73314,128,0,73645:0:0:0:0:
320,192,73645,128,0,73976:0:0:0:0:
192,192,73976,128,0,74417:0:0:0:0:
320,192,74417,128,0,75078:0:0:0:0:
64,192,75078,1,0,0:0:0:0:
64,192,75299,1,0,0:0:0:0:
192,192,75520,1,0,0:0:0:0:
64,192,75740,1,0,0:0:0:0:
320,192,75961,1,0,0:0:0:0:
64,192,76181,1,0,0:0:0:0:
448,192,76402,1,0,0:0:0:0:
320,192,76623,1,0,0:0:0:0:
192,192,76843,1,0,0:0:0:0:
192,192,77064,1,0,0:0:0:0:
320,192,77284,1,0,0:0:0:0:
192,192,77505,1,0,0:0:0:0:
448,192,77726,1,0,0:0:0:0:
192,192,77946,1,0,0:0:0:0:
64,192,78167,1,0,0:0:0:0:
448,192,78387,1,0,0:0:0:0:
64,192,78608,1,0,0:0:0:0:
64,192,78828,1,0,0:0:0:0:
192,192,79049,1,0,0:0:0:0:
64,192,79270,1,0,0:0:0:0:
320,192,79490,1,0,0:0:0:0:
64,192,79711,1,0,0:0:0:0:
448,192,79931,1,0,0:0:0:0:
320,192,80152,1,0,0:0:0:0:
448,192,80373,128,0,80703:0:0:0:0:
320,192,80703,128,0,81034:0:0:0:0:
192,192,81034,128,0,81476:0:0:0:0:
64,192,81476,128,0,82137:0:0:0:0:
320,192,82137,1,0,0:0:0:0:
192,192,82137,1,0,0:0:0:0:
192,192,82468,1,0,0:0:0:0:
320,192,82468,1,0,0:0:0:0:
192,192,82799,1,0,0:0:0:0:
320,192,82799,1,0,0:0:0:0:
192,192,83130,1,0,0:0:0:0:
320,192,83130,1,0,0:0:0:0:
64,192,83461,1,0,0:0:0:0:
192,192,83461,1,0,0:0:0:0:
448,192,83681,1,0,0:0:0:0:
320,192,83681,1,0,0:0:0:0:
320,192,83902,1,0,0:0:0:0:
192,192,83902,1,0,0:0:0:0:
320,192,84233,1,0,0:0:0:0:
192,192,84233,1,0,0:0:0:0:
192,192,84564,1,0,0:0:0:0:
320,192,84564,1,0,0:0:0:0:
320,192,84895,1,0,0:0:0:0:
192,192,84895,1,0,0:0:0:0:
448,192,85226,1,0,0:0:0:0:
320,192,85226,1,0,0:0:0:0:
192,192,85446,1,0,0:0:0:0:
64,192,85446,1,0,0:0:0:0:
320,192,85667,1,0,0:0:0:0:
192,192,85667,1,0,0:0:0:0:
320,192,85998,1,0,0:0:0:0:
192,192,85998,1,0,0:0:0:0:
320,192,86328,1,0,0:0:0:0:
192,192,86328,1,0,0:0:0:0:
192,192,86659,1,0,0:0:0:0:
320,192,86659,1,0,0:0:0:0:
192,192,86990,1,0,0:0:0:0:
64,192,86990,1,0,0:0:0:0:
320,192,87211,1,0,0:0:0:0:
448,192,87211,1,0,0:0:0:0:
320,192,87431,1,0,0:0:0:0:
192,192,87431,1,0,0:0:0:0:
320,192,87762,1,0,0:0:0:0:
192,192,87762,1,0,0:0:0:0:
320,192,88093,1,0,0:0:0:0:
192,192,88093,1,0,0:0:0:0:
192,192,88314,1,0,0:0:0:0:
320,192,88314,1,0,0:0:0:0:
320,192,88755,1,0,0:0:0:0:
192,192,88755,1,0,0:0:0:0:
192,192,89196,1,0,0:0:0:0:
320,192,89196,1,0,0:0:0:0:
320,192,89527,1,0,0:0:0:0:
192,192,89527,1,0,0:0:0:0:
192,192,89858,1,0,0:0:0:0:
320,192,89858,1,0,0:0:0:0:
320,192,90189,1,0,0:0:0:0:
192,192,90189,1,0,0:0:0:0:
64,192,90520,1,0,0:0:0:0:
192,192,90520,1,0,0:0:0:0:
448,192,90740,1,0,0:0:0:0:
320,192,90740,1,0,0:0:0:0:
320,192,90961,1,0,0:0:0:0:
192,192,90961,1,0,0:0:0:0:
320,192,91292,1,0,0:0:0:0:
192,192,91292,1,0,0:0:0:0:
320,192,91623,1,0,0:0:0:0:
192,192,91623,1,0,0:0:0:0:
320,192,91953,1,0,0:0:0:0:
192,192,91953,1,0,0:0:0:0:
448,192,92284,1,0,0:0:0:0:
320,192,92284,1,0,0:0:0:0:
192,192,92505,1,0,0:0:0:0:
64,192,92505,1,0,0:0:0:0:
320,192,92726,1,0,0:0:0:0:
192,192,92726,1,0,0:0:0:0:
192,192,93056,1,0,0:0:0:0:
320,192,93056,1,0,0:0:0:0:
320,192,93387,1,0,0:0:0:0:
192,192,93387,1,0,0:0:0:0:
192,192,93718,1,0,0:0:0:0:
320,192,93718,1,0,0:0:0:0:
192,192,94049,1,0,0:0:0:0:
64,192,94049,1,0,0:0:0:0:
448,192,94270,1,0,0:0:0:0:
320,192,94270,1,0,0:0:0:0:
448,192,94490,128,0,94821:0:0:0:0:
320,192,94821,128,0,95152:0:0:0:0:
192,192,95152,128,0,95593:0:0:0:0:
64,192,95593,128,0,96255:0:0:0:0:
320,192,96255,128,0,99784:0:0:0:0:
