osu file format v14

[General]
AudioFilename: audio.mp3
AudioLeadIn: 0
PreviewTime: 9082
Countdown: 0
SampleSet: Soft
StackLeniency: 0.7
Mode: 3
LetterboxInBreaks: 0
SpecialStyle: 0
WidescreenStoryboard: 0

[Editor]
DistanceSpacing: 0.6
BeatDivisor: 4
GridSize: 4
TimelineZoom: 1.9

[Metadata]
Title:Ciki Ciki Bam Bam (TV Size)
TitleUnicode:チキチキバンバン (TV Size)
Artist:QUEENDOM
ArtistUnicode:QUEENDOM
Creator:MysticForce07
Version:Easy
Source:パリピ孔明
Tags:Party People Koumei Ya Boy Kongming! Opening Jolly Bulikiraly chiki chitty bang Anime Japanese pop Jolly-Bulikirály sylvein noch einen
BeatmapID:3632047
BeatmapSetID:1768464

[Difficulty]
HPDrainRate:6.5
CircleSize:4
OverallDifficulty:6.5
ApproachRate:7
SliderMultiplier:1.4
SliderTickRate:1

[Events]
//Background and Video events
0,0,"hihihihi.jpg",0,0
//Break Periods
//Storyboard Layer 0 (Background)
//Storyboard Layer 1 (Fail)
//Storyboard Layer 2 (Pass)
//Storyboard Layer 3 (Foreground)
//Storyboard Layer 4 (Overlay)
//Storyboard Sound Samples
Sample,5918,0,"LR_Clap Drum hit.wav",30
Sample,84200,0,"LR_Clap Drum hit.wav",30
Sample,84903,0,"LR_Clap Drum hit.wav",30
Sample,85606,0,"LR_Clap Drum hit.wav",30
Sample,85840,0,"LR_Clap Drum hit.wav",30

[TimingPoints]
1700,468.75,4,2,1,40,1,0
9200,-100,4,2,1,60,0,1
24200,-100,4,2,1,40,0,0
54200,-100,4,2,1,60,0,1
84200,-100,4,2,1,60,0,0


[HitObjects]
64,192,1700,5,0,0:0:0:0:
448,192,1700,1,0,0:0:0:0:
320,192,2168,1,0,0:0:0:30:LR_Clap Drum hit.wav
448,192,2168,1,0,0:0:0:0:
320,192,2637,1,0,0:0:0:30:LR_Clap Drum hit.wav
64,192,3106,1,0,0:0:0:30:LR_Clap Drum hit.wav
64,192,3575,1,0,0:0:0:30:LR_Clap Drum hit.wav
320,192,4043,1,0,0:0:0:30:LR_Clap Drum hit.wav
320,192,4512,1,0,0:0:0:30:LR_Clap Drum hit.wav
448,192,4981,1,0,0:0:0:30:LR_Clap Drum hit.wav
192,192,5450,1,0,0:0:0:30:LR_Clap Drum hit.wav
448,192,5918,1,4,0:0:0:0:
448,192,6387,1,0,0:0:0:30:LR_Clap Drum hit.wav
192,192,6856,1,0,0:0:0:30:LR_Clap Drum hit.wav
64,192,7325,1,8,0:0:0:0:
320,192,8028,1,8,0:0:0:0:
448,192,8379,1,8,0:0:0:0:
320,192,8731,1,8,0:0:0:0:
192,192,8965,1,8,0:0:0:0:
64,192,9200,1,8,0:0:0:0:
448,192,9200,1,2,0:0:0:0:
192,192,9668,1,4,0:0:0:0:
320,192,9668,1,8,0:0:0:0:
64,192,10137,128,2,10606:0:0:0:0:
320,192,10606,128,8,11075:0:0:0:0:
448,192,10606,1,0,0:0:0:0:
64,192,11075,1,2,0:0:0:0:
192,192,11543,1,8,0:0:0:0:
448,192,11543,1,0,0:0:0:0:
320,192,12012,128,2,12481:0:0:0:0:
192,192,12481,1,8,0:0:0:0:
448,192,12481,1,0,0:0:0:0:
64,192,12715,1,2,0:0:0:0:
448,192,12950,1,2,0:0:0:0:
64,192,13418,1,8,0:0:0:0:
320,192,13418,1,4,0:0:0:0:
192,192,13887,1,2,0:0:0:0:
320,192,14121,1,8,0:0:0:0:
192,192,14356,1,2,0:0:0:0:
320,192,14590,1,8,0:0:0:0:
64,192,14825,1,2,0:0:0:0:
320,192,15293,1,4,0:0:0:0:
448,192,15293,1,0,0:0:0:0:
64,192,15762,1,6,0:0:0:0:
192,192,15996,1,0,0:0:0:0:
448,192,16231,1,12,0:0:0:0:
320,192,16465,1,0,0:0:0:0:
64,192,16700,1,4,0:0:0:0:
192,192,16700,1,2,0:0:0:0:
320,192,17168,1,8,0:0:0:0:
448,192,17168,1,0,0:0:0:0:
64,192,17637,128,2,18106:0:0:0:0:
320,192,18106,128,8,18575:0:0:0:0:
448,192,18106,1,0,0:0:0:0:
64,192,18575,1,2,0:0:0:0:
192,192,19043,1,8,0:0:0:0:
448,192,19043,1,0,0:0:0:0:
320,192,19512,128,2,19981:0:0:0:0:
64,192,19981,1,8,0:0:0:0:
448,192,19981,1,0,0:0:0:0:
192,192,20215,1,8,0:0:0:0:
320,192,20450,1,2,0:0:0:0:
64,192,20918,1,8,0:0:0:0:
448,192,20918,1,4,0:0:0:0:
192,192,21387,1,2,0:0:0:0:
192,192,21856,1,8,0:0:0:0:
448,192,21856,1,0,0:0:0:0:
320,192,22325,1,2,0:0:0:0:
448,192,22559,1,2,0:0:0:0:
64,192,22793,1,2,0:0:0:0:
192,192,23028,1,0,0:0:0:0:
320,192,23262,1,0,0:0:0:0:
448,192,23731,1,0,0:0:0:0:
320,192,23965,1,0,0:0:0:30:LR_Clap Drum hit.wav
64,192,24200,1,2,0:0:0:0:
192,192,24200,1,0,0:0:0:0:
64,192,24668,1,8,0:0:0:0:
448,192,24668,1,4,0:0:0:0:
320,192,25137,1,2,0:0:0:0:
64,192,25606,1,8,0:0:0:0:
192,192,25606,1,0,0:0:0:0:
320,192,25840,1,0,0:0:0:0:
448,192,26075,1,2,0:0:0:0:
64,192,26543,1,8,0:0:0:0:
192,192,26543,1,0,0:0:0:0:
320,192,27012,1,2,0:0:0:0:
64,192,27481,1,8,0:0:0:0:
448,192,27481,1,0,0:0:0:0:
192,192,27715,1,2,0:0:0:0:
320,192,27950,1,2,0:0:0:0:
64,192,28418,1,8,0:0:0:0:
448,192,28418,1,0,0:0:0:0:
192,192,28887,1,2,0:0:0:0:
64,192,29356,1,8,0:0:0:0:
448,192,29356,1,0,0:0:0:0:
320,192,29825,1,2,0:0:0:0:
64,192,30293,1,8,0:0:0:0:
192,192,30293,1,0,0:0:0:0:
448,192,30762,1,2,0:0:0:0:
64,192,31231,1,8,0:0:0:0:
448,192,31465,1,2,0:0:0:0:
64,192,31700,1,2,0:0:0:0:
320,192,31700,1,4,0:0:0:0:
192,192,32168,1,4,0:0:0:0:
448,192,32168,1,8,0:0:0:0:
320,192,32637,1,2,0:0:0:0:
192,192,33106,1,8,0:0:0:0:
448,192,33106,1,0,0:0:0:0:
64,192,33340,1,0,0:0:0:0:
320,192,33575,1,2,0:0:0:0:
64,192,34043,1,8,0:0:0:0:
448,192,34043,1,0,0:0:0:0:
192,192,34512,1,2,0:0:0:0:
64,192,34981,1,8,0:0:0:0:
448,192,34981,1,0,0:0:0:0:
320,192,35215,1,2,0:0:0:0:
192,192,35450,128,2,35918:0:0:0:0:
320,192,35918,128,8,36387:0:0:0:0:
448,192,35918,1,0,0:0:0:0:
64,192,36387,128,2,36856:0:0:0:0:
192,192,36856,1,8,0:0:0:0:
448,192,36856,1,0,0:0:0:0:
64,192,37325,1,4,0:0:0:0:
448,192,37325,128,8,38028:0:0:0:0:
64,192,38028,1,4,0:0:0:0:
192,192,38028,1,2,0:0:0:0:
448,192,38262,1,2,0:0:0:0:
192,192,38496,1,6,0:0:0:0:
320,192,38731,1,2,0:0:0:0:
448,192,38965,1,2,0:0:0:0:
64,192,39200,1,2,0:0:0:0:
192,192,39200,1,0,0:0:0:0:
192,192,39668,1,4,0:0:0:0:
448,192,39668,1,8,0:0:0:0:
320,192,40137,1,2,0:0:0:0:
192,192,40606,1,8,0:0:0:0:
448,192,40606,1,0,0:0:0:0:
64,192,41075,1,2,0:0:0:0:
320,192,41543,1,8,0:0:0:0:
448,192,41543,1,0,0:0:0:0:
192,192,42012,1,2,0:0:0:0:
64,192,42481,1,8,0:0:0:0:
448,192,42481,1,0,0:0:0:0:
320,192,42715,1,2,0:0:0:0:
192,192,42950,1,2,0:0:0:0:
64,192,43418,1,8,0:0:0:0:
192,192,43418,1,4,0:0:0:0:
320,192,43887,1,2,0:0:0:0:
64,192,44356,1,8,0:0:0:0:
448,192,44356,1,0,0:0:0:0:
192,192,44825,128,2,45293:0:0:0:0:
320,192,45293,1,8,0:0:0:0:
448,192,45293,128,0,45762:0:0:0:0:
64,192,45762,128,2,46231:0:0:0:0:
320,192,46231,1,8,0:0:0:0:
448,192,46231,1,0,0:0:0:0:
192,192,46465,1,2,0:0:0:0:
64,192,46700,1,6,0:0:0:0:
192,192,47168,1,8,0:0:0:0:
448,192,47168,1,4,0:0:0:0:
320,192,47637,1,2,0:0:0:0:
192,192,48106,1,8,0:0:0:0:
448,192,48106,1,0,0:0:0:0:
64,192,48575,1,2,0:0:0:0:
192,192,49043,1,8,0:0:0:0:
320,192,49043,1,4,0:0:0:0:
448,192,49512,1,2,0:0:0:0:
192,192,49981,1,8,0:0:0:0:
320,192,49981,1,0,0:0:0:0:
64,192,50215,1,2,0:0:0:0:
448,192,50450,1,2,0:0:0:0:
64,192,50918,1,8,0:0:0:0:
320,192,50918,1,4,0:0:0:0:
192,192,51387,1,2,0:0:0:0:
64,192,51856,1,8,0:0:0:0:
320,192,51856,1,0,0:0:0:0:
64,192,52325,128,2,52793:0:0:0:0:
192,192,52793,128,2,53262:0:0:0:0:
320,192,53262,128,0,53731:0:0:0:0:
448,192,53731,128,0,54200:0:0:0:0:
64,192,54200,1,2,0:0:0:0:
192,192,54668,1,8,0:0:0:0:
320,192,54668,1,4,0:0:0:0:
64,192,55137,128,2,55606:0:0:0:0:
320,192,55606,128,8,56075:0:0:0:0:
448,192,55606,1,0,0:0:0:0:
64,192,56075,1,2,0:0:0:0:
192,192,56543,1,8,0:0:0:0:
448,192,56543,1,0,0:0:0:0:
320,192,57012,1,2,0:0:0:0:
64,192,57481,1,8,0:0:0:0:
448,192,57481,1,0,0:0:0:0:
192,192,57715,1,2,0:0:0:0:
64,192,57950,1,2,0:0:0:0:
320,192,58418,1,8,0:0:0:0:
448,192,58418,1,4,0:0:0:0:
192,192,58887,1,2,0:0:0:0:
64,192,59356,1,8,0:0:0:0:
448,192,59356,1,0,0:0:0:0:
320,192,59825,1,2,0:0:0:0:
64,192,60293,1,8,0:0:0:0:
192,192,60293,1,0,0:0:0:0:
448,192,60762,1,2,0:0:0:0:
320,192,61231,1,2,0:0:0:0:
192,192,61465,1,2,0:0:0:0:
64,192,61700,1,2,0:0:0:0:
320,192,62168,1,8,0:0:0:0:
448,192,62168,1,4,0:0:0:0:
64,192,62637,128,2,63106:0:0:0:0:
192,192,63106,1,8,0:0:0:0:
320,192,63106,128,0,63575:0:0:0:0:
64,192,63575,1,2,0:0:0:0:
192,192,64043,1,8,0:0:0:0:
448,192,64043,1,0,0:0:0:0:
320,192,64512,1,2,0:0:0:0:
64,192,64981,1,8,0:0:0:0:
448,192,64981,1,0,0:0:0:0:
192,192,65215,1,2,0:0:0:0:
448,192,65450,1,2,0:0:0:0:
64,192,65918,1,8,0:0:0:0:
192,192,65918,1,4,0:0:0:0:
320,192,66387,1,2,0:0:0:0:
64,192,66856,1,8,0:0:0:0:
448,192,66856,1,0,0:0:0:0:
192,192,67325,1,6,0:0:0:0:
320,192,67559,1,8,0:0:0:0:
448,192,67793,1,2,0:0:0:0:
64,192,68028,1,8,0:0:0:0:
192,192,68028,1,4,0:0:0:0:
320,192,68496,1,8,0:0:0:0:
448,192,68496,1,0,0:0:0:0:
192,192,68731,1,8,0:0:0:0:
320,192,68965,1,2,0:0:0:0:
64,192,69200,1,2,0:0:0:0:
192,192,69668,1,8,0:0:0:0:
320,192,69668,1,4,0:0:0:0:
64,192,70137,128,2,70606:0:0:0:0:
320,192,70606,128,8,71075:0:0:0:0:
448,192,70606,1,0,0:0:0:0:
64,192,71075,1,2,0:0:0:0:
192,192,71543,1,8,0:0:0:0:
448,192,71543,1,0,0:0:0:0:
320,192,72012,1,2,0:0:0:0:
64,192,72481,1,8,0:0:0:0:
192,192,72481,1,0,0:0:0:0:
448,192,72715,1,2,0:0:0:0:
192,192,72950,1,2,0:0:0:0:
320,192,73418,1,8,0:0:0:0:
448,192,73418,1,4,0:0:0:0:
64,192,73887,1,2,0:0:0:0:
192,192,74356,1,8,0:0:0:0:
448,192,74356,1,0,0:0:0:0:
320,192,74825,1,2,0:0:0:0:
64,192,75293,1,8,0:0:0:0:
192,192,75293,1,0,0:0:0:0:
320,192,75762,1,2,0:0:0:0:
192,192,76231,1,2,0:0:0:0:
320,192,76465,1,2,0:0:0:0:
64,192,76700,1,2,0:0:0:0:
320,192,77168,1,8,0:0:0:0:
448,192,77168,1,4,0:0:0:0:
64,192,77637,128,2,78106:0:0:0:0:
192,192,78106,1,8,0:0:0:0:
320,192,78106,128,0,78575:0:0:0:0:
64,192,78575,1,2,0:0:0:0:
192,192,79043,1,8,0:0:0:0:
448,192,79043,1,0,0:0:0:0:
320,192,79512,1,2,0:0:0:0:
192,192,79981,1,8,0:0:0:0:
448,192,79981,1,0,0:0:0:0:
64,192,80215,1,2,0:0:0:0:
192,192,80450,1,2,0:0:0:0:
320,192,80918,1,8,0:0:0:0:
448,192,80918,1,4,0:0:0:0:
192,192,81387,1,2,0:0:0:0:
64,192,81856,1,8,0:0:0:0:
320,192,81856,1,0,0:0:0:0:
64,192,82325,1,2,0:0:0:0:
192,192,82325,1,4,0:0:0:0:
448,192,82559,1,2,0:0:0:0:
320,192,82793,1,6,0:0:0:0:
192,192,83028,1,2,0:0:0:0:
64,192,83496,1,0,0:0:0:0:
320,192,83731,1,0,0:0:0:30:LR_Clap Drum hit.wav
192,192,83965,1,0,0:0:0:30:LR_Clap Drum hit.wav
64,192,84200,1,2,0:0:0:0:
320,192,84551,1,0,0:0:0:30:LR_Clap Drum hit.wav
64,192,84903,1,2,0:0:0:0:
192,192,85254,1,0,0:0:0:30:LR_Clap Drum hit.wav
448,192,85606,1,2,0:0:0:0:
320,192,85840,1,2,0:0:0:0:
64,192,86075,1,4,0:0:0:0:
192,192,86075,1,2,0:0:0:0:
