osu file format v14

[General]
AudioFilename: audio.mp3
AudioLeadIn: 0
PreviewTime: 66841
Countdown: 0
SampleSet: Soft
StackLeniency: 0.7
Mode: 3
LetterboxInBreaks: 0
SpecialStyle: 0
WidescreenStoryboard: 1

[Editor]
DistanceSpacing: 1.6
BeatDivisor: 4
GridSize: 4
TimelineZoom: 1.3

[Metadata]
Title:Astronomia 2014
TitleUnicode:Astronomia 2014
Artist:Vicetone & Tony Igy
ArtistUnicode:Vicetone & Tony Igy
Creator:winter5501
Version:EZ[4k]
Source:
Tags:cbh ruben den boer victor pool electro edm house
BeatmapID:1063833
BeatmapSetID:499563

[Difficulty]
HPDrainRate:6
CircleSize:4
OverallDifficulty:6
ApproachRate:5
SliderMultiplier:1.4
SliderTickRate:1

[Events]
//Background and Video events
0,0,"maxresdefault.jpg",0,0
//Break Periods
//Storyboard Layer 0 (Background)
//Storyboard Layer 1 (Fail)
//Storyboard Layer 2 (Pass)
//Storyboard Layer 3 (Foreground)
//Storyboard Sound Samples

[TimingPoints]
3032,476.190476190476,4,2,0,5,1,0
6841,-100,4,2,0,5,0,0
36365,-100,4,2,0,5,0,0
67793,-100,4,2,0,5,0,1
98270,-100,4,2,0,5,0,0


[HitObjects]
64,192,6841,5,0,0:0:0:0:
320,192,7317,1,0,0:0:0:0:
192,192,7793,1,0,0:0:0:0:
448,192,8270,1,0,0:0:0:0:
192,192,8746,1,0,0:0:0:0:
64,192,9222,1,0,0:0:0:0:
320,192,9698,1,0,0:0:0:0:
192,192,10174,1,0,0:0:0:0:
64,192,10651,1,0,0:0:0:0:
320,192,11127,1,0,0:0:0:0:
192,192,11127,1,0,0:0:0:0:
320,192,11603,1,0,0:0:0:0:
64,192,12079,1,0,0:0:0:0:
448,192,12079,1,0,0:0:0:0:
448,192,12555,1,0,0:0:0:0:
192,192,13031,1,0,0:0:0:0:
64,192,13031,1,0,0:0:0:0:
320,192,13508,1,0,0:0:0:0:
448,192,13508,1,0,0:0:0:0:
64,192,13984,1,0,0:0:0:0:
320,192,14460,1,0,0:0:0:0:
448,192,14460,1,0,0:0:0:0:
192,192,14936,1,0,0:0:0:0:
448,192,15412,1,0,0:0:0:0:
192,192,15412,1,0,0:0:0:0:
64,192,15889,1,0,0:0:0:0:
448,192,16365,1,0,0:0:0:0:
192,192,16841,1,0,0:0:0:0:
192,192,17317,1,0,0:0:0:0:
64,192,17793,1,0,0:0:0:0:
192,192,18270,1,0,0:0:0:0:
64,192,18270,1,0,0:0:0:0:
320,192,18746,1,0,0:0:0:0:
192,192,19222,1,0,0:0:0:0:
320,192,19222,1,0,0:0:0:0:
320,192,19698,1,0,0:0:0:0:
64,192,20174,1,0,0:0:0:0:
192,192,20174,1,0,0:0:0:0:
320,192,20651,128,0,22079:0:0:0:0:
192,192,20651,1,0,0:0:0:0:
192,192,21127,1,0,0:0:0:0:
192,192,21603,1,0,0:0:0:0:
192,192,22079,1,0,0:0:0:0:
64,192,22555,128,0,23031:0:0:0:0:
320,192,23031,128,0,23508:0:0:0:0:
192,192,23508,128,0,23984:0:0:0:0:
448,192,23984,128,0,24460:0:0:0:0:
64,192,24460,128,0,24936:0:0:0:0:
320,192,24936,128,0,25412:0:0:0:0:
192,192,25412,128,0,25889:0:0:0:0:
320,192,25889,128,0,26365:0:0:0:0:
448,192,26365,128,0,26841:0:0:0:0:
320,192,26841,128,0,27317:0:0:0:0:
64,192,27317,128,0,27793:0:0:0:0:
192,192,27793,128,0,28270:0:0:0:0:
320,192,28270,128,0,28746:0:0:0:0:
192,192,28746,128,0,29222:0:0:0:0:
448,192,29222,128,0,29698:0:0:0:0:
192,192,29698,128,0,30174:0:0:0:0:
64,192,30174,128,0,30651:0:0:0:0:
320,192,30651,128,0,31127:0:0:0:0:
64,192,31127,128,0,31603:0:0:0:0:
320,192,31603,128,0,32079:0:0:0:0:
192,192,32079,128,0,32555:0:0:0:0:
320,192,32555,128,0,33031:0:0:0:0:
64,192,33031,128,0,33508:0:0:0:0:
192,192,33508,128,0,36365:0:0:0:0:
320,192,33508,128,0,36365:0:0:0:0:
448,192,36365,128,0,37317:0:0:0:0:
64,192,37317,1,0,0:0:0:0:
320,192,37317,1,0,0:0:0:0:
192,192,37793,1,0,0:0:0:0:
64,192,37793,1,0,0:0:0:0:
448,192,38270,1,0,0:0:0:0:
192,192,38746,1,0,0:0:0:0:
320,192,38746,1,0,0:0:0:0:
64,192,39222,1,0,0:0:0:0:
320,192,39698,128,0,40174:0:0:0:0:
192,192,39936,128,0,40174:0:0:0:0:
64,192,40651,128,0,41127:0:0:0:0:
192,192,40889,128,0,41127:0:0:0:0:
192,192,41603,128,0,43031:0:0:0:0:
448,192,41603,1,0,0:0:0:0:
448,192,42079,1,0,0:0:0:0:
448,192,42555,1,0,0:0:0:0:
448,192,43031,1,0,0:0:0:0:
192,192,43508,128,0,44936:0:0:0:0:
64,192,43508,1,0,0:0:0:0:
64,192,43984,1,0,0:0:0:0:
64,192,44460,1,0,0:0:0:0:
64,192,44936,1,0,0:0:0:0:
192,192,45412,128,0,45889:0:0:0:0:
64,192,45651,128,0,45889:0:0:0:0:
320,192,46365,1,0,0:0:0:0:
448,192,46365,1,0,0:0:0:0:
64,192,46841,1,0,0:0:0:0:
192,192,46841,1,0,0:0:0:0:
192,192,47317,128,0,47793:0:0:0:0:
448,192,47555,128,0,47793:0:0:0:0:
192,192,48270,128,0,48746:0:0:0:0:
320,192,48508,128,0,48746:0:0:0:0:
448,192,49222,128,0,50651:0:0:0:0:
64,192,49698,128,0,50651:0:0:0:0:
320,192,50174,128,0,50651:0:0:0:0:
64,192,51127,128,0,52555:0:0:0:0:
320,192,51603,128,0,52555:0:0:0:0:
192,192,52079,128,0,52555:0:0:0:0:
448,192,53031,1,0,0:0:0:0:
192,192,53031,1,0,0:0:0:0:
64,192,53508,1,0,0:0:0:0:
192,192,53984,1,0,0:0:0:0:
448,192,53984,1,0,0:0:0:0:
64,192,54460,1,0,0:0:0:0:
192,192,54460,1,0,0:0:0:0:
320,192,54936,1,0,0:0:0:0:
448,192,54936,1,0,0:0:0:0:
64,192,55174,1,0,0:0:0:0:
192,192,55412,1,0,0:0:0:0:
448,192,55412,1,0,0:0:0:0:
64,192,55889,1,0,0:0:0:0:
320,192,55889,1,0,0:0:0:0:
192,192,56127,1,0,0:0:0:0:
320,192,56365,1,0,0:0:0:0:
64,192,56365,1,0,0:0:0:0:
192,192,56841,128,0,58270:0:0:0:0:
320,192,57317,128,0,58270:0:0:0:0:
64,192,57793,128,0,58270:0:0:0:0:
320,192,58746,128,0,60174:0:0:0:0:
64,192,59222,128,0,60174:0:0:0:0:
448,192,59698,128,0,60174:0:0:0:0:
320,192,60651,1,0,0:0:0:0:
64,192,61127,1,0,0:0:0:0:
448,192,61603,1,0,0:0:0:0:
192,192,61603,1,0,0:0:0:0:
64,192,62079,1,0,0:0:0:0:
320,192,62079,1,0,0:0:0:0:
448,192,62555,1,0,0:0:0:0:
192,192,62555,1,0,0:0:0:0:
64,192,63031,1,0,0:0:0:0:
320,192,63031,1,0,0:0:0:0:
192,192,63508,1,0,0:0:0:0:
448,192,63508,1,0,0:0:0:0:
320,192,63984,1,0,0:0:0:0:
64,192,63984,1,0,0:0:0:0:
192,192,64460,1,0,0:0:0:0:
448,192,64460,1,0,0:0:0:0:
64,192,64936,1,0,0:0:0:0:
320,192,64936,1,0,0:0:0:0:
192,192,65412,1,0,0:0:0:0:
448,192,65412,1,0,0:0:0:0:
64,192,65889,1,0,0:0:0:0:
320,192,65889,1,0,0:0:0:0:
192,192,66365,1,0,0:0:0:0:
448,192,66365,1,0,0:0:0:0:
64,192,66841,1,0,0:0:0:0:
320,192,66841,128,0,67317:0:0:0:0:
64,192,67317,128,0,67793:0:0:0:0:
320,192,67793,1,0,0:0:0:0:
192,192,68031,1,0,0:0:0:0:
64,192,68270,1,0,0:0:0:0:
448,192,68508,1,0,0:0:0:0:
64,192,68746,1,0,0:0:0:0:
320,192,68746,1,0,0:0:0:0:
64,192,69222,1,0,0:0:0:0:
320,192,69222,1,0,0:0:0:0:
320,192,69698,1,0,0:0:0:0:
448,192,69698,1,0,0:0:0:0:
64,192,70174,1,0,0:0:0:0:
192,192,70412,1,0,0:0:0:0:
320,192,70412,1,0,0:0:0:0:
64,192,70651,1,0,0:0:0:0:
448,192,70651,1,0,0:0:0:0:
64,192,71127,1,0,0:0:0:0:
192,192,71365,1,0,0:0:0:0:
320,192,71603,1,0,0:0:0:0:
448,192,72079,128,0,73508:0:0:0:0:
192,192,72555,128,0,73508:0:0:0:0:
320,192,73031,128,0,73508:0:0:0:0:
192,192,73984,128,0,75412:0:0:0:0:
320,192,74460,128,0,75412:0:0:0:0:
448,192,74936,128,0,75412:0:0:0:0:
64,192,75889,1,0,0:0:0:0:
320,192,76365,1,0,0:0:0:0:
192,192,76841,1,0,0:0:0:0:
320,192,76841,1,0,0:0:0:0:
448,192,77317,1,0,0:0:0:0:
64,192,77317,1,0,0:0:0:0:
192,192,77793,1,0,0:0:0:0:
192,192,78270,1,0,0:0:0:0:
448,192,78746,1,0,0:0:0:0:
320,192,78984,1,0,0:0:0:0:
192,192,78984,1,0,0:0:0:0:
448,192,79222,1,0,0:0:0:0:
64,192,79698,1,0,0:0:0:0:
192,192,79936,1,0,0:0:0:0:
448,192,80174,1,0,0:0:0:0:
320,192,80412,1,0,0:0:0:0:
64,192,80651,1,0,0:0:0:0:
320,192,80889,1,0,0:0:0:0:
192,192,81127,1,0,0:0:0:0:
448,192,81603,1,0,0:0:0:0:
192,192,81841,1,0,0:0:0:0:
448,192,82079,1,0,0:0:0:0:
64,192,82317,1,0,0:0:0:0:
320,192,82555,1,0,0:0:0:0:
64,192,82793,1,0,0:0:0:0:
320,192,83031,1,0,0:0:0:0:
64,192,83508,1,0,0:0:0:0:
448,192,83508,1,0,0:0:0:0:
192,192,83746,1,0,0:0:0:0:
320,192,83984,1,0,0:0:0:0:
64,192,84460,1,0,0:0:0:0:
320,192,84460,1,0,0:0:0:0:
320,192,84936,1,0,0:0:0:0:
64,192,85412,128,0,85889:0:0:0:0:
320,192,85651,128,0,85889:0:0:0:0:
448,192,86365,128,0,86841:0:0:0:0:
192,192,86603,128,0,86841:0:0:0:0:
192,192,87317,128,0,88746:0:0:0:0:
64,192,87793,128,0,88746:0:0:0:0:
320,192,88270,128,0,88746:0:0:0:0:
320,192,89222,128,0,90651:0:0:0:0:
448,192,89698,128,0,90651:0:0:0:0:
192,192,90174,128,0,90651:0:0:0:0:
448,192,91365,128,0,92317:0:0:0:0:
64,192,91365,1,0,0:0:0:0:
192,192,91841,1,0,0:0:0:0:
64,192,92317,128,0,93270:0:0:0:0:
320,192,92317,1,0,0:0:0:0:
448,192,92793,1,0,0:0:0:0:
448,192,93270,128,0,94222:0:0:0:0:
320,192,93270,1,0,0:0:0:0:
192,192,93746,1,0,0:0:0:0:
64,192,94222,1,0,0:0:0:0:
64,192,94460,128,0,98270:0:0:0:0:
320,192,96365,128,0,98270:0:0:0:0:
192,192,98270,1,0,0:0:0:0:
448,192,98270,128,0,101127:0:0:0:0:
