osu file format v12

[General]
AudioFilename: 505 - Beethoven Virus - Banya.mp3
AudioLeadIn: 2
PreviewTime: 37067
Countdown: 0
SampleSet: Normal
StackLeniency: 0.7
Mode: 3
LetterboxInBreaks: 0

[Editor]
DistanceSpacing: 0.8
BeatDivisor: 4
GridSize: 8

[Metadata]
Title:Beethoven Virus
TitleUnicide:Beethoven Virus
Artist:BANYA
ArtistUnicode:BANYA
Creator:
Version:easy
Source: Stepmania
Tags: Stepmania
BeatmapID:0
BeatmapSetID:-1

[Difficulty]
HPDrainRate:5
CircleSize:4
OverallDifficulty:7
ApproachRate:10
SliderMultiplier:1.4
SliderTickRate:1

[Events]
//Background and Video events
0,0,"background.jpg"
//Break Periods
//Storyboard Layer 0 (Background)
//Storyboard Layer 1 (Fail)
//Storyboard Layer 2 (Pass)
//Storyboard Layer 3 (Foreground)
//Storyboard Sound Samples
//Background Colour Transformations
3,100,163,162,255

[TimingPoints]
160,370.3704,4,1,0,15,1,0

[HitObjects]
64,192,6085,1,0
192,192,6234,1,0
64,192,6530,1,0
192,192,6678,1,0
64,192,6826,1,0
192,192,6974,1,0
64,192,7715,1,0
192,192,7863,1,0
64,192,8011,1,0
192,192,8159,1,0
64,192,8456,1,0
192,192,8604,1,0
64,192,9048,1,0
64,192,9197,1,0
192,192,9197,1,0
192,192,9345,1,0
64,192,9789,1,0
64,192,9937,1,0
192,192,9937,1,0
192,192,10085,1,0
64,192,10530,1,0
64,192,10678,1,0
192,192,10678,1,0
192,192,10826,1,0
64,192,12752,1,0
64,192,12900,1,0
192,192,12900,1,0
192,192,13048,1,0
192,192,14234,1,0
448,192,14234,1,0
320,192,14382,1,0
64,192,14530,1,0
320,192,14530,1,0
448,192,14678,1,0
64,192,15122,1,0
192,192,15271,1,0
448,192,15271,1,0
64,192,15567,1,0
448,192,15715,1,0
64,192,16011,1,0
64,192,16160,1,0
192,192,16308,1,0
320,192,16456,1,0
448,192,16604,1,0
64,192,17937,1,0
192,192,18085,1,0
64,192,18382,1,0
192,192,18530,1,0
64,192,18678,1,0
192,192,18826,1,0
64,192,19567,1,0
192,192,19715,1,0
64,192,19863,1,0
192,192,20011,1,0
64,192,20308,1,0
192,192,20456,1,0
192,192,20900,1,0
448,192,20900,1,0
320,192,21048,1,0
64,192,21197,1,0
192,192,21641,1,0
448,192,21641,1,0
320,192,21789,1,0
64,192,21937,1,0
192,192,22382,1,0
448,192,22382,1,0
320,192,22530,1,0
64,192,22678,1,0
64,192,24604,1,0
64,192,24752,1,0
192,192,24752,1,0
192,192,24900,1,0
192,192,26085,1,0
448,192,26085,1,0
320,192,26234,1,0
64,192,26382,1,0
320,192,26530,1,0
448,192,26678,1,0
64,192,26826,1,0
192,192,26974,1,0
192,192,27271,1,0
320,192,27419,1,0
192,192,27567,1,0
320,192,27715,1,0
64,192,28011,1,0
192,192,28160,1,0
320,192,28308,1,0
448,192,28456,1,0
320,192,29789,1,0
448,192,29937,1,0
64,192,30234,1,0
192,192,30382,1,0
64,192,30530,1,0
192,192,30678,1,0
320,192,30974,1,0
448,192,31123,1,0
320,192,31271,1,0
448,192,31419,1,0
64,192,31715,1,0
192,192,31863,1,0
64,192,32160,1,0
192,192,32308,1,0
320,192,32308,1,0
448,192,32456,1,0
448,192,32752,1,0
64,192,33048,1,0
64,192,33197,1,0
192,192,33345,1,0
64,192,33641,1,0
192,192,33789,1,0
64,192,33937,1,0
192,192,34085,1,0
192,192,34234,1,0
320,192,34382,1,0
64,192,34678,1,0
192,192,34826,1,0
64,192,34974,1,0
192,192,35123,1,0
64,192,35419,1,0
192,192,35567,1,0
64,192,35715,1,0
192,192,35863,1,0
320,192,36160,1,0
448,192,36308,1,0
192,192,36456,1,0
320,192,36604,1,0
192,192,36900,1,0
320,192,37048,1,0
320,192,37197,1,0
448,192,37345,1,0
64,192,37641,1,0
192,192,37789,1,0
320,192,37937,1,0
448,192,38085,1,0
320,192,38234,1,0
320,192,38382,1,0
448,192,38382,1,0
448,192,38530,1,0
64,192,38826,1,0
192,192,38974,1,0
320,192,38974,1,0
448,192,39123,1,0
448,192,39419,1,0
64,192,39715,1,0
448,192,39715,1,0
64,192,40011,1,0
320,192,40160,1,0
448,192,40308,1,0
64,192,40604,1,0
192,192,40752,1,0
320,192,40900,1,0
448,192,41048,1,0
64,192,42382,1,0
192,192,42530,1,0
192,192,42826,1,0
320,192,42974,1,0
320,192,43123,1,0
448,192,43271,1,0
320,192,43567,1,0
448,192,43715,1,0
64,192,43863,1,0
192,192,44011,1,0
64,192,44308,1,0
192,192,44456,1,0
64,192,44604,1,0
192,192,44752,1,0
64,192,45345,1,0
192,192,45493,1,0
64,192,45789,1,0
192,192,45937,1,0
192,192,46085,1,0
320,192,46234,1,0
192,192,46530,1,0
320,192,46678,1,0
320,192,46826,1,0
448,192,46974,1,0
320,192,47123,1,0
448,192,47271,1,0
64,192,47715,1,0
192,192,47863,1,0
64,192,48456,1,0
192,192,48604,1,0
64,192,48752,1,0
192,192,48900,1,0
448,192,49048,1,0
64,192,49345,1,0
64,192,49493,1,0
192,192,49641,1,0
64,192,49937,1,0
192,192,50086,1,0
320,192,50086,1,0
448,192,50234,1,0
320,192,50530,1,0
448,192,50678,1,0
64,192,51419,1,0
192,192,51567,1,0
448,192,51567,1,0
64,192,51863,1,0
192,192,52011,1,0
448,192,52011,1,0
320,192,52160,1,0
64,192,52308,1,0
64,192,52456,1,0
192,192,52604,1,0
192,192,52752,1,0
448,192,52752,1,0
320,192,52900,1,0
64,192,53048,1,0
64,192,53197,1,0
192,192,53345,1,0
64,192,53493,1,0
64,192,53641,1,0
192,192,53641,1,0
192,192,53789,1,0
64,192,53937,1,0
192,192,54086,1,0
192,192,54234,1,0
320,192,54382,1,0
192,192,54678,1,0
320,192,54826,1,0
192,192,54974,1,0
448,192,54974,1,0
320,192,55123,1,0
64,192,55271,1,0
64,192,55419,1,0
192,192,55567,1,0
448,192,55715,1,0
64,192,56011,1,0
448,192,56011,1,0
64,192,56308,1,0
64,192,56456,1,0
448,192,56456,1,0
192,192,56604,1,0
64,192,56752,1,0
64,192,56900,1,0
192,192,57048,1,0
64,192,57197,1,0
192,192,57345,1,0
192,192,57641,1,0
320,192,57789,1,0
192,192,57937,1,0
64,192,58086,1,0
320,192,58086,1,0
192,192,58234,1,0
64,192,58382,1,0
192,192,58530,1,0
64,192,58826,1,0
192,192,58974,1,0
448,192,58974,1,0
64,192,59271,1,0
64,192,59419,1,0
192,192,59419,1,0
192,192,59567,1,0
320,192,59567,1,0
64,192,59863,1,0
192,192,60011,1,0
64,192,60308,1,0
192,192,60456,1,0
192,192,60604,1,0
320,192,60752,1,0
448,192,60900,1,0
64,192,61048,1,0
64,192,61197,1,0
192,192,61197,1,0
64,192,61345,1,0
192,192,61493,1,0
64,192,61641,1,0
192,192,61789,1,0
448,192,61937,1,0
64,192,62234,1,0
64,192,62382,1,0
64,192,62530,1,0
192,192,62530,1,0
192,192,62678,1,0
64,192,63123,1,0
64,192,63271,1,0
192,192,63271,1,0
192,192,63419,1,0
192,192,63863,1,0
320,192,64011,1,0
192,192,64308,1,0
320,192,64456,1,0
192,192,64604,1,0
448,192,64604,1,0
320,192,64752,1,0
64,192,64900,1,0
64,192,65345,1,0
64,192,65493,1,0
192,192,65493,1,0
192,192,65641,1,0
192,192,66086,1,0
448,192,66086,1,0
320,192,66234,1,0
64,192,66382,1,0
320,192,67123,1,0
320,192,67271,1,0
448,192,67271,1,0
448,192,67419,1,0
320,192,67863,1,0
320,192,68011,1,0
448,192,68011,1,0
448,192,68160,1,0
320,192,68604,1,0
320,192,68752,1,0
448,192,68752,1,0
448,192,68900,1,0
64,192,69049,1,0
64,192,69197,1,0
192,192,69197,1,0
192,192,69345,1,0
64,192,69937,1,0
192,192,70086,1,0
64,192,70234,1,0
192,192,70382,1,0
64,192,70530,1,0
192,192,70678,1,0
64,192,70974,1,0
192,192,71123,1,0
64,192,71419,1,0
192,192,71567,1,0
64,192,73493,1,0
64,192,73641,1,0
192,192,73641,1,0
192,192,73789,1,0
192,192,74974,1,0
448,192,74974,1,0
320,192,75123,1,0
64,192,75271,1,0
320,192,75271,1,0
448,192,75419,1,0
64,192,75863,1,0
192,192,76011,1,0
448,192,76011,1,0
64,192,76308,1,0
448,192,76456,1,0
64,192,76752,1,0
64,192,76900,1,0
192,192,77049,1,0
320,192,77197,1,0
448,192,77345,1,0
320,192,78974,1,0
320,192,79123,1,0
448,192,79123,1,0
448,192,79271,1,0
320,192,79715,1,0
320,192,79863,1,0
448,192,79863,1,0
448,192,80011,1,0
320,192,80456,1,0
320,192,80604,1,0
448,192,80604,1,0
448,192,80752,1,0
64,192,80900,1,0
64,192,81049,1,0
192,192,81049,1,0
192,192,81197,1,0
192,192,81641,1,0
448,192,81641,1,0
320,192,81789,1,0
64,192,81937,1,0
192,192,82382,1,0
448,192,82382,1,0
320,192,82530,1,0
64,192,82678,1,0
192,192,83123,1,0
448,192,83123,1,0
320,192,83271,1,0
64,192,83419,1,0
64,192,85345,1,0
64,192,85493,1,0
192,192,85493,1,0
192,192,85641,1,0
192,192,86826,1,0
448,192,86826,1,0
320,192,86974,1,0
64,192,87123,1,0
320,192,87271,1,0
448,192,87419,1,0
64,192,87567,1,0
192,192,87715,1,0
192,192,88012,1,0
320,192,88160,1,0
192,192,88308,1,0
320,192,88456,1,0
64,192,88752,1,0
192,192,88900,1,0
320,192,89049,1,0
448,192,89197,1,0
320,192,90086,1,0
448,192,90234,1,0
64,192,90678,1,0
192,192,90826,1,0
64,192,91271,1,0
64,192,91419,1,0
192,192,91419,1,0
192,192,91567,1,0
448,192,91567,1,0
64,192,91863,1,0
448,192,92012,1,0
64,192,92308,1,0
192,192,92752,1,0
448,192,92752,1,0
320,192,92900,1,0
64,192,93049,1,0
320,192,93049,1,0
448,192,93197,1,0
64,192,93641,1,0
192,192,93789,1,0
448,192,93789,1,0
64,192,94086,1,0
448,192,94234,1,0
64,192,94530,1,0
64,192,94678,1,0
192,192,94826,1,0
320,192,94974,1,0
448,192,95123,1,0
64,192,96456,1,0
64,192,96604,1,0
192,192,96604,1,0
192,192,96752,1,0
