osu file format v14

[General]
AudioFilename: cYsmix - Moonlight Sonata.mp3
AudioLeadIn: 0
PreviewTime: -1
Countdown: 0
SampleSet: Normal
StackLeniency: 0.7
Mode: 3
LetterboxInBreaks: 0
SpecialStyle: 0
WidescreenStoryboard: 1

[Editor]
Bookmarks: 1929,15070,16929,30054,31929,46929,60054,61929,76929,91929,95679,108804,110679,123814,125679,140679,155691,185691
DistanceSpacing: 0.9
BeatDivisor: 4
GridSize: 32
TimelineZoom: 1.4

[Metadata]
Title:Moonlight Sonata
TitleUnicode:Moonlight Sonata
Artist:cYsmix
ArtistUnicode:cYsmix
Creator:TouhouFNaF
Version:BEGINNER
Source:Youtube/osu!
Tags:moonlight sonata cysmix touhoufnaf map Okoratu beethoven ludwig van mapping with rewards electro trance classical mwr
BeatmapID:2461529
BeatmapSetID:1180465

[Difficulty]
HPDrainRate:4
CircleSize:4
OverallDifficulty:7
ApproachRate:5
SliderMultiplier:1.4
SliderTickRate:1

[Events]
//Background and Video events
0,0,"background.jpg",0,0
//Break Periods
//Storyboard Layer 0 (Background)
//Storyboard Layer 1 (Fail)
//Storyboard Layer 2 (Pass)
//Storyboard Layer 3 (Foreground)
//Storyboard Layer 4 (Overlay)
//Storyboard Sound Samples

[TimingPoints]
1929,468.75,4,1,1,40,1,0
1929,-111.111111111111,4,1,1,40,0,0
3804,-111.111111111111,4,1,1,40,0,0
5679,-111.111111111111,4,1,1,40,0,0
7554,-111.111111111111,4,1,1,40,0,0
9429,-111.111111111111,4,1,1,40,0,0
11304,-111.111111111111,4,1,1,40,0,0
13179,-100,4,1,1,40,0,0
14116,-100,4,1,1,40,0,0
15070,468.75,4,1,1,40,1,0
15522,-100,4,1,1,40,0,0
15991,-100,4,1,1,40,0,0
16460,-100,4,1,1,40,0,0
16929,468.75,4,1,1,40,1,0
20210,-100,4,1,1,40,0,0
20327,-100,4,1,1,40,0,0
20444,-100,4,1,1,40,0,0
20561,-100,4,1,1,40,0,0
20679,-100,4,1,1,40,0,0
23960,-100,4,1,1,40,0,0
24077,-100,4,1,1,40,0,0
24194,-100,4,1,1,40,0,0
24311,-100,4,1,1,40,0,0
24429,-100,4,1,1,40,0,0
27710,-100,4,1,1,40,0,0
27827,-100,4,1,1,40,0,0
27944,-100,4,1,1,40,0,0
28061,-100,4,1,1,40,0,0
28179,-100,4,1,1,40,0,0
30054,-100,4,1,1,40,0,0
30171,-100,4,1,1,40,0,0
30288,-100,4,1,1,40,0,0
30405,-100,4,1,1,40,0,0
30522,-100,4,1,1,40,0,0
30991,-142.857142857143,4,1,1,40,0,0
31929,-111.111111111111,4,1,1,40,0,0
39429,-111.111111111111,4,1,1,40,0,0
39546,-111.111111111111,4,1,1,40,0,0
43764,-100,4,1,1,40,0,0
44116,-111.111111111111,4,1,1,40,0,0
44233,-100,4,1,1,40,0,0
44585,-100,4,1,1,40,0,0
44702,-111.111111111111,4,1,1,40,0,0
45171,-100,4,1,1,40,0,0
45639,-100,4,1,1,40,0,0
45874,-100,4,1,1,40,0,0
46108,-100,4,1,1,40,0,0
46343,-100,4,1,1,40,0,0
46577,-100,4,1,1,40,0,0
46929,-100,4,1,1,40,0,0
58764,-100,4,1,1,40,0,0
59233,-100,4,1,1,40,0,0
59702,-100,4,1,1,40,0,0
60076,468.75,4,1,1,40,1,0
60544,-100,4,1,1,40,0,0
61013,-82.6446280991736,4,1,1,40,0,0
61473,468.75,4,1,1,40,1,0
61929,468.75,4,1,1,40,1,0
61929,-90.9090909090909,4,1,1,40,0,0
62046,-90.9090909090909,4,1,1,40,0,0
62749,-90.9090909090909,4,1,1,40,0,0
65210,-100,4,1,1,40,0,0
65327,-100,4,1,1,40,0,0
65444,-100,4,1,1,40,0,0
65561,-100,4,1,1,40,0,0
65679,-90.9090909090909,4,1,1,40,0,0
68960,-100,4,1,1,40,0,0
69077,-100,4,1,1,40,0,0
69194,-100,4,1,1,40,0,0
69311,-100,4,1,1,40,0,0
69429,-90.9090909090909,4,1,1,40,0,0
72710,-100,4,1,1,40,0,0
72827,-100,4,1,1,40,0,0
72944,-100,4,1,1,40,0,0
73061,-100,4,1,1,40,0,0
73179,-90.9090909090909,4,1,1,40,0,0
75288,-90.9090909090909,4,1,1,40,0,0
75405,-100,4,1,1,40,0,0
75522,-90.9090909090909,4,1,1,40,0,0
75639,-100,4,1,1,40,0,0
75757,-90.9090909090909,4,1,1,40,0,0
75874,-90.9090909090909,4,1,1,40,0,0
75991,-100,4,1,1,40,0,0
76108,-100,4,1,1,40,0,0
76225,-90.9090909090909,4,1,1,40,0,0
76343,-90.9090909090909,4,1,1,40,0,0
76460,-100,4,1,1,40,0,0
76577,-100,4,1,1,40,0,0
76694,-90.9090909090909,4,1,1,40,0,0
76811,-100,4,1,1,40,0,0
76929,-86.9565217391304,4,1,1,40,0,0
77046,-86.9565217391304,4,1,1,40,0,0
80210,-100,4,1,1,40,0,0
80679,-86.9565217391304,4,1,1,40,0,0
83960,-86.9565217391304,4,1,1,40,0,0
84429,-86.9565217391304,4,1,1,40,0,0
87710,-100,4,1,1,40,0,0
88179,-86.9565217391304,4,1,1,40,0,0
90288,-100,4,1,1,40,0,0
90405,-100,4,1,1,40,0,0
90522,-100,4,1,1,40,0,0
90757,-100,4,1,1,40,0,0
90874,-100,4,1,1,40,0,0
90991,-100,4,1,1,40,0,0
91225,-100,4,1,1,40,0,0
91343,-100,4,1,1,40,0,0
91460,-100,4,1,1,40,0,0
91694,-100,4,1,1,40,0,0
92866,-100,4,1,1,40,0,0
93804,-100,4,1,1,40,0,0
95679,-86.9565217391304,4,1,1,40,0,0
96030,-86.9565217391304,4,1,1,40,0,0
96264,-86.9565217391304,4,1,1,40,0,0
96499,-86.9565217391304,4,1,1,40,0,0
97554,-86.9565217391304,4,1,1,40,0,0
97905,-86.9565217391304,4,1,1,40,0,0
98139,-86.9565217391304,4,1,1,40,0,0
98374,-86.9565217391304,4,1,1,40,0,0
99429,-86.9565217391304,4,1,1,40,0,0
99780,-86.9565217391304,4,1,1,40,0,0
100014,-86.9565217391304,4,1,1,40,0,0
100249,-86.9565217391304,4,1,1,40,0,0
101304,-86.9565217391304,4,1,1,40,0,0
101655,-86.9565217391304,4,1,1,40,0,0
101889,-86.9565217391304,4,1,1,40,0,0
102124,-86.9565217391304,4,1,1,40,0,0
103179,-86.9565217391304,4,1,1,40,0,0
103530,-86.9565217391304,4,1,1,40,0,0
103764,-86.9565217391304,4,1,1,40,0,0
103999,-86.9565217391304,4,1,1,40,0,0
105054,-86.9565217391304,4,1,1,40,0,0
105405,-86.9565217391304,4,1,1,40,0,0
105639,-86.9565217391304,4,1,1,40,0,0
105874,-86.9565217391304,4,1,1,40,0,0
106929,-86.9565217391304,4,1,1,40,0,0
108804,-86.9565217391304,4,1,1,40,0,0
109741,-86.9565217391304,4,1,1,40,0,0
110679,-100,4,1,1,40,0,0
112554,-100,4,1,1,40,0,0
113843,-100,4,1,1,40,0,0
113960,-100,4,1,1,40,0,0
114429,-100,4,1,1,40,0,0
116304,-100,4,1,1,40,0,0
117593,-100,4,1,1,40,0,0
117710,-100,4,1,1,40,0,0
118179,-100,4,1,1,40,0,0
120054,-100,4,1,1,40,0,0
121343,-100,4,1,1,40,0,0
121460,-100,4,1,1,40,0,0
121929,-100,4,1,1,40,0,0
123335,-100,4,1,1,40,0,0
123814,468.75,4,1,1,40,1,0
124985,-100,4,1,1,40,0,0
125444,468.75,4,1,1,40,1,0
125444,-100,4,1,1,40,0,0
125679,468.75,4,1,1,40,1,0
138804,-100,4,1,1,40,0,0
140679,-111.111111111111,4,1,1,40,0,0
152514,-111.111111111111,4,1,1,40,0,0
152983,-111.111111111111,4,1,1,40,0,0
153452,-100,4,1,1,40,0,0
153804,-100,4,1,1,40,0,0
153921,-100,4,1,1,40,0,0
155210,-100,4,1,1,40,0,0
155691,468.75,4,1,1,40,1,0
155691,-86.9565217391304,4,1,1,40,0,0
170222,-86.9565217391304,4,1,1,40,0,0
170691,-86.9565217391304,4,1,1,40,0,0
173972,-86.9565217391304,4,1,1,40,0,0
174441,-86.9565217391304,4,1,1,40,0,0
177722,-86.9565217391304,4,1,1,40,0,0
178191,-86.9565217391304,4,1,1,40,0,0
181472,-86.9565217391304,4,1,1,40,0,0
181941,-86.9565217391304,4,1,1,40,0,0
185222,-86.9565217391304,4,1,1,40,0,0
185691,-100,4,1,1,40,0,0
186042,-100,4,1,1,40,0,0
186159,-100,4,1,1,40,0,0
186511,-100,4,1,1,40,0,0
186628,-100,4,1,1,40,0,0
186980,-100,4,1,1,40,0,0
187097,-100,4,1,1,40,0,0
187448,-100,4,1,1,40,0,0
187566,-100,4,1,1,40,0,0
187917,-100,4,1,1,40,0,0
188034,-100,4,1,1,40,0,0
188386,-100,4,1,1,40,0,0
188503,-100,4,1,1,40,0,0
188855,-100,4,1,1,40,0,0
188972,-100,4,1,1,40,0,0


[Colours]
Combo1 : 220,98,63
Combo2 : 249,136,102

[HitObjects]
448,192,1929,5,0,0:0:0:0:
320,192,1929,1,0,0:0:0:0:
64,192,1929,1,0,0:0:0:0:
320,192,2397,1,0,0:0:0:0:
192,192,2397,1,0,0:0:0:0:
448,192,2866,1,0,0:0:0:0:
64,192,3335,1,0,0:0:0:0:
320,192,3335,1,0,0:0:0:0:
192,192,3804,1,0,0:0:0:0:
320,192,4272,1,0,0:0:0:0:
448,192,4272,1,0,0:0:0:0:
64,192,4741,1,0,0:0:0:0:
192,192,5210,1,0,0:0:0:0:
448,192,5210,1,0,0:0:0:0:
320,192,5679,1,0,0:0:0:0:
64,192,6147,1,0,0:0:0:0:
192,192,6147,1,0,0:0:0:0:
448,192,6616,1,0,0:0:0:0:
192,192,7085,1,0,0:0:0:0:
320,192,7085,1,0,0:0:0:0:
64,192,7554,1,0,0:0:0:0:
192,192,8022,1,0,0:0:0:0:
448,192,8022,1,0,0:0:0:0:
320,192,8491,1,0,0:0:0:0:
64,192,8960,1,0,0:0:0:0:
448,192,8960,1,0,0:0:0:0:
192,192,9429,1,0,0:0:0:0:
320,192,9897,1,0,0:0:0:0:
448,192,9897,1,0,0:0:0:0:
64,192,10366,1,0,0:0:0:0:
192,192,10835,1,0,0:0:0:0:
448,192,10835,1,0,0:0:0:0:
320,192,11304,1,0,0:0:0:0:
64,192,11772,1,0,0:0:0:0:
448,192,11772,1,0,0:0:0:0:
192,192,12241,1,0,0:0:0:0:
64,192,12710,1,0,0:0:0:0:
320,192,12710,1,0,0:0:0:0:
448,192,13179,1,0,0:0:0:0:
192,192,13647,1,0,0:0:0:0:
320,192,13647,1,0,0:0:0:0:
64,192,14116,1,0,0:0:0:0:
448,192,14585,1,0,0:0:0:0:
320,192,14585,1,0,0:0:0:0:
64,192,15054,128,0,15538:0:0:0:0:
448,192,15538,128,0,16007:0:0:0:0:
192,192,16007,128,0,16476:0:0:0:0:
64,192,16476,128,0,16929:0:0:0:0:
320,192,16929,1,0,0:0:0:0:
448,192,16929,1,0,0:0:0:0:
64,192,17397,1,0,0:0:0:0:
192,192,17397,1,0,0:0:0:0:
448,192,17866,1,0,0:0:0:0:
320,192,17866,1,0,0:0:0:0:
64,192,18335,1,0,0:0:0:0:
192,192,18335,1,0,0:0:0:0:
320,192,18804,1,0,0:0:0:0:
448,192,18804,1,0,0:0:0:0:
192,192,19272,1,0,0:0:0:0:
320,192,19272,1,0,0:0:0:0:
64,192,19741,1,0,0:0:0:0:
448,192,19741,1,0,0:0:0:0:
320,192,20210,1,0,0:0:0:0:
192,192,20210,1,0,0:0:0:0:
64,192,20679,1,0,0:0:0:0:
448,192,20679,1,0,0:0:0:0:
192,192,21147,1,0,0:0:0:0:
448,192,21147,1,0,0:0:0:0:
64,192,21616,1,0,0:0:0:0:
320,192,21616,1,0,0:0:0:0:
192,192,22085,1,0,0:0:0:0:
448,192,22085,1,0,0:0:0:0:
320,192,22554,1,0,0:0:0:0:
64,192,22554,1,0,0:0:0:0:
320,192,23022,1,0,0:0:0:0:
448,192,23022,1,0,0:0:0:0:
192,192,23491,1,0,0:0:0:0:
64,192,23491,1,0,0:0:0:0:
448,192,23960,1,0,0:0:0:0:
192,192,23960,1,0,0:0:0:0:
64,192,24429,1,0,0:0:0:0:
320,192,24429,1,0,0:0:0:0:
192,192,24897,1,0,0:0:0:0:
320,192,24897,1,0,0:0:0:0:
64,192,25366,1,0,0:0:0:0:
320,192,25366,1,0,0:0:0:0:
320,192,25835,1,0,0:0:0:0:
448,192,25835,1,0,0:0:0:0:
320,192,26304,1,0,0:0:0:0:
64,192,26304,1,0,0:0:0:0:
192,192,26772,1,0,0:0:0:0:
320,192,26772,1,0,0:0:0:0:
64,192,27241,1,0,0:0:0:0:
448,192,27241,1,0,0:0:0:0:
192,192,27710,1,0,0:0:0:0:
64,192,27710,1,0,0:0:0:0:
192,192,28179,1,0,0:0:0:0:
448,192,28179,1,0,0:0:0:0:
320,192,28647,1,0,0:0:0:0:
192,192,28647,1,0,0:0:0:0:
64,192,29116,1,0,0:0:0:0:
320,192,29116,1,0,0:0:0:0:
320,192,29585,1,0,0:0:0:0:
448,192,29585,1,0,0:0:0:0:
448,192,30054,1,0,0:0:0:0:
320,192,30288,1,0,0:0:0:0:
192,192,30522,1,0,0:0:0:0:
64,192,30757,1,0,0:0:0:0:
448,192,30991,128,0,31929:0:0:0:0:
192,192,31929,1,0,0:0:0:0:
64,192,31929,128,0,32866:0:0:0:0:
320,192,32866,128,0,33804:0:0:0:0:
192,192,33804,128,0,34741:0:0:0:0:
64,192,34741,128,0,35679:0:0:0:0:
448,192,35679,128,0,36616:0:0:0:0:
320,192,36616,128,0,37554:0:0:0:0:
64,192,37554,128,0,38491:0:0:0:0:
192,192,38491,128,0,39429:0:0:0:0:
448,192,39429,128,0,40366:0:0:0:0:
64,192,39429,1,0,0:0:0:0:
192,192,40366,128,0,41304:0:0:0:0:
64,192,41304,128,0,42241:0:0:0:0:
448,192,42241,128,0,43179:0:0:0:0:
320,192,43179,128,0,44116:0:0:0:0:
192,192,44116,128,0,45054:0:0:0:0:
64,192,45054,128,0,45991:0:0:0:0:
320,192,45991,128,0,46929:0:0:0:0:
448,192,46929,1,0,0:0:0:0:
64,192,46929,128,0,47397:0:0:0:0:
448,192,47397,128,0,47866:0:0:0:0:
320,192,47866,128,0,48335:0:0:0:0:
64,192,48335,128,0,48804:0:0:0:0:
192,192,48804,128,0,49272:0:0:0:0:
448,192,49272,128,0,49741:0:0:0:0:
320,192,49741,128,0,50210:0:0:0:0:
192,192,50210,128,0,50679:0:0:0:0:
320,192,50679,128,0,51147:0:0:0:0:
64,192,51147,128,0,51616:0:0:0:0:
192,192,51616,128,0,52085:0:0:0:0:
448,192,52085,128,0,52554:0:0:0:0:
320,192,52554,128,0,53022:0:0:0:0:
64,192,53022,128,0,53491:0:0:0:0:
192,192,53491,128,0,53960:0:0:0:0:
448,192,53960,128,0,54429:0:0:0:0:
64,192,54429,128,0,54897:0:0:0:0:
320,192,54897,128,0,55366:0:0:0:0:
192,192,55366,128,0,55835:0:0:0:0:
448,192,55835,128,0,56304:0:0:0:0:
320,192,56304,128,0,56772:0:0:0:0:
192,192,56772,128,0,57241:0:0:0:0:
64,192,57241,128,0,57710:0:0:0:0:
320,192,57710,128,0,58179:0:0:0:0:
192,192,58179,128,0,58647:0:0:0:0:
448,192,58647,128,0,59116:0:0:0:0:
64,192,59116,128,0,59585:0:0:0:0:
192,192,59585,128,0,60054:0:0:0:0:
448,192,60054,1,0,0:0:0:0:
64,192,60544,1,0,0:0:0:0:
192,192,61013,1,0,0:0:0:0:
320,192,61473,1,0,0:0:0:0:
448,192,61473,1,0,0:0:0:0:
192,192,61707,1,0,0:0:0:0:
64,192,61707,1,0,0:0:0:0:
64,192,61929,1,0,0:0:0:0:
448,192,61929,1,0,0:0:0:0:
192,192,62397,1,0,0:0:0:0:
448,192,62397,1,0,0:0:0:0:
320,192,62866,1,0,0:0:0:0:
64,192,63335,1,0,0:0:0:0:
192,192,63335,1,0,0:0:0:0:
448,192,63804,1,0,0:0:0:0:
192,192,64272,1,0,0:0:0:0:
320,192,64272,1,0,0:0:0:0:
64,192,64741,1,0,0:0:0:0:
192,192,65210,1,0,0:0:0:0:
448,192,65210,1,0,0:0:0:0:
320,192,65679,1,0,0:0:0:0:
448,192,66147,1,0,0:0:0:0:
64,192,66147,1,0,0:0:0:0:
192,192,66616,1,0,0:0:0:0:
64,192,67085,1,0,0:0:0:0:
320,192,67085,1,0,0:0:0:0:
448,192,67554,1,0,0:0:0:0:
320,192,68022,1,0,0:0:0:0:
64,192,68022,1,0,0:0:0:0:
192,192,68491,1,0,0:0:0:0:
320,192,68960,1,0,0:0:0:0:
448,192,68960,1,0,0:0:0:0:
64,192,69429,1,0,0:0:0:0:
192,192,69429,1,0,0:0:0:0:
320,192,69897,1,0,0:0:0:0:
64,192,70366,1,0,0:0:0:0:
448,192,70366,1,0,0:0:0:0:
320,192,70835,1,0,0:0:0:0:
448,192,71304,1,0,0:0:0:0:
192,192,71304,1,0,0:0:0:0:
64,192,71772,1,0,0:0:0:0:
192,192,72241,1,0,0:0:0:0:
320,192,72241,1,0,0:0:0:0:
448,192,72710,1,0,0:0:0:0:
64,192,73179,1,0,0:0:0:0:
320,192,73179,1,0,0:0:0:0:
192,192,73647,1,0,0:0:0:0:
64,192,74116,1,0,0:0:0:0:
448,192,74116,1,0,0:0:0:0:
320,192,74585,1,0,0:0:0:0:
192,192,75054,1,0,0:0:0:0:
448,192,75054,1,0,0:0:0:0:
64,192,75522,1,0,0:0:0:0:
192,192,75991,1,0,0:0:0:0:
320,192,75991,1,0,0:0:0:0:
448,192,76460,1,0,0:0:0:0:
448,192,76929,1,0,0:0:0:0:
320,192,76929,1,0,0:0:0:0:
64,192,76929,1,0,0:0:0:0:
192,192,77397,1,0,0:0:0:0:
448,192,77397,1,0,0:0:0:0:
320,192,77866,1,0,0:0:0:0:
64,192,77866,1,0,0:0:0:0:
192,192,78335,1,0,0:0:0:0:
320,192,78335,1,0,0:0:0:0:
64,192,78804,1,0,0:0:0:0:
448,192,78804,1,0,0:0:0:0:
320,192,79272,1,0,0:0:0:0:
448,192,79272,1,0,0:0:0:0:
192,192,79741,1,0,0:0:0:0:
64,192,79741,1,0,0:0:0:0:
192,192,80210,1,0,0:0:0:0:
448,192,80210,1,0,0:0:0:0:
320,192,80679,1,0,0:0:0:0:
192,192,80679,1,0,0:0:0:0:
64,192,81147,1,0,0:0:0:0:
320,192,81147,1,0,0:0:0:0:
64,192,81616,1,0,0:0:0:0:
448,192,81616,1,0,0:0:0:0:
192,192,82085,1,0,0:0:0:0:
320,192,82085,1,0,0:0:0:0:
320,192,82554,1,0,0:0:0:0:
64,192,82554,1,0,0:0:0:0:
192,192,83022,1,0,0:0:0:0:
448,192,83022,1,0,0:0:0:0:
448,192,83491,1,0,0:0:0:0:
64,192,83491,1,0,0:0:0:0:
192,192,83960,1,0,0:0:0:0:
448,192,83960,1,0,0:0:0:0:
320,192,84429,1,0,0:0:0:0:
192,192,84429,1,0,0:0:0:0:
64,192,84897,1,0,0:0:0:0:
320,192,84897,1,0,0:0:0:0:
64,192,85366,1,0,0:0:0:0:
448,192,85366,1,0,0:0:0:0:
192,192,85835,1,0,0:0:0:0:
320,192,85835,1,0,0:0:0:0:
320,192,86304,1,0,0:0:0:0:
64,192,86304,1,0,0:0:0:0:
192,192,86772,1,0,0:0:0:0:
448,192,86772,1,0,0:0:0:0:
448,192,87241,1,0,0:0:0:0:
64,192,87241,1,0,0:0:0:0:
448,192,87710,1,0,0:0:0:0:
192,192,87710,1,0,0:0:0:0:
192,192,88179,1,0,0:0:0:0:
320,192,88179,1,0,0:0:0:0:
320,192,88647,1,0,0:0:0:0:
64,192,88647,1,0,0:0:0:0:
448,192,89116,1,0,0:0:0:0:
64,192,89116,1,0,0:0:0:0:
320,192,89585,1,0,0:0:0:0:
192,192,89585,1,0,0:0:0:0:
64,192,90054,1,0,0:0:0:0:
320,192,90054,1,0,0:0:0:0:
448,192,90522,1,0,0:0:0:0:
192,192,90522,1,0,0:0:0:0:
64,192,90991,1,0,0:0:0:0:
448,192,90991,1,0,0:0:0:0:
192,192,91460,1,0,0:0:0:0:
448,192,91460,1,0,0:0:0:0:
320,192,91929,1,0,0:0:0:0:
64,192,91929,128,0,92397:0:0:0:0:
192,192,92397,128,0,92866:0:0:0:0:
320,192,92866,128,0,93335:0:0:0:0:
448,192,93335,128,0,93804:0:0:0:0:
192,192,93804,128,0,94272:0:0:0:0:
64,192,94272,128,0,94741:0:0:0:0:
320,192,94741,128,0,95210:0:0:0:0:
448,192,95210,128,0,95679:0:0:0:0:
64,192,95210,1,0,0:0:0:0:
192,192,95679,1,0,0:0:0:0:
320,192,95679,1,0,0:0:0:0:
64,192,96147,1,0,0:0:0:0:
192,192,96147,1,0,0:0:0:0:
320,192,96616,1,0,0:0:0:0:
448,192,96616,1,0,0:0:0:0:
192,192,97085,1,0,0:0:0:0:
320,192,97085,1,0,0:0:0:0:
64,192,97554,1,0,0:0:0:0:
448,192,97554,1,0,0:0:0:0:
64,192,98022,1,0,0:0:0:0:
320,192,98022,1,0,0:0:0:0:
192,192,98491,1,0,0:0:0:0:
448,192,98491,1,0,0:0:0:0:
192,192,98960,1,0,0:0:0:0:
320,192,98960,1,0,0:0:0:0:
448,192,99429,1,0,0:0:0:0:
64,192,99429,1,0,0:0:0:0:
64,192,99897,1,0,0:0:0:0:
320,192,99897,1,0,0:0:0:0:
192,192,100366,1,0,0:0:0:0:
448,192,100366,1,0,0:0:0:0:
320,192,100835,1,0,0:0:0:0:
192,192,100835,1,0,0:0:0:0:
64,192,101304,1,0,0:0:0:0:
448,192,101304,1,0,0:0:0:0:
320,192,101772,1,0,0:0:0:0:
448,192,101772,1,0,0:0:0:0:
192,192,102241,1,0,0:0:0:0:
64,192,102241,1,0,0:0:0:0:
192,192,102710,1,0,0:0:0:0:
320,192,102710,1,0,0:0:0:0:
448,192,103179,1,0,0:0:0:0:
64,192,103179,1,0,0:0:0:0:
64,192,103647,1,0,0:0:0:0:
192,192,103647,1,0,0:0:0:0:
320,192,104116,1,0,0:0:0:0:
448,192,104116,1,0,0:0:0:0:
448,192,104585,1,0,0:0:0:0:
192,192,104585,1,0,0:0:0:0:
64,192,105054,1,0,0:0:0:0:
320,192,105054,1,0,0:0:0:0:
192,192,105522,1,0,0:0:0:0:
320,192,105522,1,0,0:0:0:0:
192,192,105991,1,0,0:0:0:0:
448,192,105991,1,0,0:0:0:0:
320,192,106460,1,0,0:0:0:0:
64,192,106460,1,0,0:0:0:0:
64,192,106929,1,0,0:0:0:0:
448,192,106929,1,0,0:0:0:0:
192,192,107397,1,0,0:0:0:0:
320,192,107397,1,0,0:0:0:0:
64,192,107866,1,0,0:0:0:0:
320,192,107866,1,0,0:0:0:0:
448,192,108335,1,0,0:0:0:0:
192,192,108335,1,0,0:0:0:0:
64,192,108804,128,0,109272:0:0:0:0:
448,192,109272,128,0,109741:0:0:0:0:
192,192,109741,128,0,110210:0:0:0:0:
320,192,110210,128,0,110679:0:0:0:0:
64,192,110679,1,0,0:0:0:0:
192,192,110679,1,0,0:0:0:0:
64,192,111147,1,0,0:0:0:0:
192,192,111147,1,0,0:0:0:0:
320,192,111616,1,0,0:0:0:0:
448,192,111616,1,0,0:0:0:0:
320,192,112085,1,0,0:0:0:0:
448,192,112085,1,0,0:0:0:0:
64,192,112554,1,0,0:0:0:0:
448,192,112554,1,0,0:0:0:0:
64,192,113022,1,0,0:0:0:0:
320,192,113022,1,0,0:0:0:0:
192,192,113491,1,0,0:0:0:0:
448,192,113491,1,0,0:0:0:0:
192,192,113960,1,0,0:0:0:0:
320,192,113960,1,0,0:0:0:0:
448,192,114429,1,0,0:0:0:0:
64,192,114429,1,0,0:0:0:0:
64,192,114897,1,0,0:0:0:0:
448,192,114897,1,0,0:0:0:0:
192,192,115366,1,0,0:0:0:0:
320,192,115366,1,0,0:0:0:0:
320,192,115835,1,0,0:0:0:0:
192,192,115835,1,0,0:0:0:0:
64,192,116304,1,0,0:0:0:0:
448,192,116304,1,0,0:0:0:0:
320,192,116772,1,0,0:0:0:0:
448,192,116772,1,0,0:0:0:0:
192,192,117241,1,0,0:0:0:0:
64,192,117241,1,0,0:0:0:0:
192,192,117710,1,0,0:0:0:0:
320,192,117710,1,0,0:0:0:0:
320,192,118179,1,0,0:0:0:0:
64,192,118179,1,0,0:0:0:0:
192,192,118647,1,0,0:0:0:0:
448,192,118647,1,0,0:0:0:0:
64,192,119116,1,0,0:0:0:0:
320,192,119116,1,0,0:0:0:0:
448,192,119585,1,0,0:0:0:0:
192,192,119585,1,0,0:0:0:0:
64,192,120054,1,0,0:0:0:0:
320,192,120054,1,0,0:0:0:0:
192,192,120522,1,0,0:0:0:0:
320,192,120522,1,0,0:0:0:0:
192,192,120991,1,0,0:0:0:0:
448,192,120991,1,0,0:0:0:0:
192,192,121460,1,0,0:0:0:0:
64,192,121460,1,0,0:0:0:0:
64,192,121929,1,0,0:0:0:0:
448,192,121929,1,0,0:0:0:0:
192,192,122397,1,0,0:0:0:0:
320,192,122397,1,0,0:0:0:0:
64,192,122866,1,0,0:0:0:0:
320,192,122866,1,0,0:0:0:0:
448,192,123335,1,0,0:0:0:0:
192,192,123335,1,0,0:0:0:0:
320,192,123814,1,0,0:0:0:0:
64,192,123814,128,0,124282:0:0:0:0:
192,192,124282,128,0,124751:0:0:0:0:
448,192,124751,128,0,124985:0:0:0:0:
320,192,124985,1,0,0:0:0:0:
64,192,124985,1,0,0:0:0:0:
192,192,125220,1,0,0:0:0:0:
64,192,125679,128,0,126616:0:0:0:0:
320,192,126616,128,0,127554:0:0:0:0:
448,192,127554,128,0,129429:0:0:0:0:
192,192,129429,128,0,130366:0:0:0:0:
64,192,130366,128,0,131304:0:0:0:0:
320,192,131304,128,0,132241:0:0:0:0:
448,192,132241,128,0,133179:0:0:0:0:
192,192,133179,128,0,134116:0:0:0:0:
64,192,134116,128,0,135054:0:0:0:0:
320,192,135054,128,0,136929:0:0:0:0:
448,192,136929,128,0,137866:0:0:0:0:
320,192,137866,128,0,138804:0:0:0:0:
64,192,138804,128,0,140679:0:0:0:0:
192,192,140679,1,0,0:0:0:0:
320,192,140679,128,0,141147:0:0:0:0:
448,192,141147,128,0,141616:0:0:0:0:
320,192,141616,128,0,142085:0:0:0:0:
64,192,142085,128,0,142554:0:0:0:0:
192,192,142554,128,0,143022:0:0:0:0:
448,192,143022,128,0,143491:0:0:0:0:
320,192,143491,128,0,143960:0:0:0:0:
192,192,143960,128,0,144429:0:0:0:0:
320,192,144429,128,0,144897:0:0:0:0:
64,192,144897,128,0,145366:0:0:0:0:
192,192,145366,128,0,145835:0:0:0:0:
448,192,145835,128,0,146304:0:0:0:0:
320,192,146304,128,0,146772:0:0:0:0:
64,192,146772,128,0,147241:0:0:0:0:
192,192,147241,128,0,147710:0:0:0:0:
448,192,147710,128,0,148179:0:0:0:0:
64,192,148179,128,0,148647:0:0:0:0:
320,192,148647,128,0,149116:0:0:0:0:
192,192,149116,128,0,149585:0:0:0:0:
448,192,149585,128,0,150054:0:0:0:0:
320,192,150054,128,0,150522:0:0:0:0:
192,192,150522,128,0,150991:0:0:0:0:
64,192,150991,128,0,151460:0:0:0:0:
320,192,151460,128,0,151929:0:0:0:0:
192,192,151929,128,0,152397:0:0:0:0:
448,192,152397,128,0,152866:0:0:0:0:
64,192,152866,128,0,153335:0:0:0:0:
192,192,153335,128,0,153804:0:0:0:0:
64,192,153804,128,0,154741:0:0:0:0:
448,192,154741,1,0,0:0:0:0:
64,192,155210,1,0,0:0:0:0:
320,192,155210,1,0,0:0:0:0:
192,192,155444,1,0,0:0:0:0:
448,192,155444,1,0,0:0:0:0:
64,192,155691,1,0,0:0:0:0:
448,192,155691,1,0,0:0:0:0:
64,192,156159,1,0,0:0:0:0:
192,192,156159,1,0,0:0:0:0:
448,192,156628,1,0,0:0:0:0:
320,192,156628,1,0,0:0:0:0:
64,192,157097,1,0,0:0:0:0:
192,192,157097,1,0,0:0:0:0:
320,192,157566,1,0,0:0:0:0:
448,192,157566,1,0,0:0:0:0:
192,192,158034,1,0,0:0:0:0:
320,192,158034,1,0,0:0:0:0:
64,192,158503,1,0,0:0:0:0:
448,192,158503,1,0,0:0:0:0:
320,192,158972,1,0,0:0:0:0:
192,192,158972,1,0,0:0:0:0:
64,192,159441,1,0,0:0:0:0:
448,192,159441,1,0,0:0:0:0:
192,192,159909,1,0,0:0:0:0:
448,192,159909,1,0,0:0:0:0:
64,192,160378,1,0,0:0:0:0:
320,192,160378,1,0,0:0:0:0:
192,192,160847,1,0,0:0:0:0:
448,192,160847,1,0,0:0:0:0:
320,192,161316,1,0,0:0:0:0:
64,192,161316,1,0,0:0:0:0:
320,192,161784,1,0,0:0:0:0:
448,192,161784,1,0,0:0:0:0:
192,192,162253,1,0,0:0:0:0:
64,192,162253,1,0,0:0:0:0:
320,192,162722,1,0,0:0:0:0:
64,192,162722,1,0,0:0:0:0:
192,192,163191,1,0,0:0:0:0:
448,192,163191,1,0,0:0:0:0:
192,192,163659,1,0,0:0:0:0:
320,192,163659,1,0,0:0:0:0:
64,192,164128,1,0,0:0:0:0:
320,192,164128,1,0,0:0:0:0:
320,192,164597,1,0,0:0:0:0:
448,192,164597,1,0,0:0:0:0:
448,192,165066,1,0,0:0:0:0:
64,192,165066,1,0,0:0:0:0:
192,192,165534,1,0,0:0:0:0:
320,192,165534,1,0,0:0:0:0:
64,192,166003,1,0,0:0:0:0:
448,192,166003,1,0,0:0:0:0:
192,192,166472,1,0,0:0:0:0:
64,192,166472,1,0,0:0:0:0:
192,192,166941,1,0,0:0:0:0:
448,192,166941,1,0,0:0:0:0:
320,192,167409,1,0,0:0:0:0:
192,192,167409,1,0,0:0:0:0:
192,192,167878,1,0,0:0:0:0:
448,192,167878,1,0,0:0:0:0:
64,192,168347,1,0,0:0:0:0:
192,192,168347,1,0,0:0:0:0:
448,192,168816,1,0,0:0:0:0:
320,192,168816,1,0,0:0:0:0:
64,192,169284,1,0,0:0:0:0:
192,192,169284,1,0,0:0:0:0:
448,192,169753,1,0,0:0:0:0:
320,192,169753,1,0,0:0:0:0:
192,192,170222,1,0,0:0:0:0:
64,192,170222,1,0,0:0:0:0:
320,192,170691,1,0,0:0:0:0:
192,192,170691,1,0,0:0:0:0:
448,192,170691,1,0,0:0:0:0:
448,192,171159,1,0,0:0:0:0:
64,192,171159,1,0,0:0:0:0:
192,192,171628,1,0,0:0:0:0:
320,192,171628,1,0,0:0:0:0:
448,192,172097,1,0,0:0:0:0:
64,192,172097,1,0,0:0:0:0:
448,192,172566,1,0,0:0:0:0:
192,192,172566,1,0,0:0:0:0:
320,192,173034,1,0,0:0:0:0:
64,192,173034,1,0,0:0:0:0:
448,192,173503,1,0,0:0:0:0:
192,192,173503,1,0,0:0:0:0:
64,192,173972,1,0,0:0:0:0:
320,192,173972,1,0,0:0:0:0:
448,192,174441,1,0,0:0:0:0:
320,192,174441,1,0,0:0:0:0:
64,192,174909,1,0,0:0:0:0:
192,192,174909,1,0,0:0:0:0:
192,192,175378,1,0,0:0:0:0:
448,192,175378,1,0,0:0:0:0:
320,192,175847,1,0,0:0:0:0:
64,192,175847,1,0,0:0:0:0:
320,192,176316,1,0,0:0:0:0:
192,192,176316,1,0,0:0:0:0:
320,192,176784,1,0,0:0:0:0:
64,192,176784,1,0,0:0:0:0:
448,192,177253,1,0,0:0:0:0:
320,192,177253,1,0,0:0:0:0:
64,192,177722,1,0,0:0:0:0:
320,192,177722,1,0,0:0:0:0:
320,192,178191,1,0,0:0:0:0:
192,192,178191,1,0,0:0:0:0:
448,192,178659,1,0,0:0:0:0:
64,192,178659,1,0,0:0:0:0:
64,192,179128,1,0,0:0:0:0:
192,192,179128,1,0,0:0:0:0:
448,192,179597,1,0,0:0:0:0:
192,192,179597,1,0,0:0:0:0:
192,192,180066,1,0,0:0:0:0:
320,192,180066,1,0,0:0:0:0:
320,192,180534,1,0,0:0:0:0:
64,192,180534,1,0,0:0:0:0:
448,192,181003,1,0,0:0:0:0:
320,192,181003,1,0,0:0:0:0:
192,192,181472,1,0,0:0:0:0:
64,192,181472,1,0,0:0:0:0:
192,192,181941,1,0,0:0:0:0:
448,192,181941,1,0,0:0:0:0:
320,192,182409,1,0,0:0:0:0:
64,192,182409,1,0,0:0:0:0:
192,192,182878,1,0,0:0:0:0:
320,192,182878,1,0,0:0:0:0:
64,192,183347,1,0,0:0:0:0:
448,192,183347,1,0,0:0:0:0:
192,192,183816,1,0,0:0:0:0:
448,192,183816,1,0,0:0:0:0:
320,192,184284,1,0,0:0:0:0:
64,192,184284,1,0,0:0:0:0:
64,192,184753,1,0,0:0:0:0:
448,192,184753,1,0,0:0:0:0:
192,192,185222,1,0,0:0:0:0:
320,192,185222,1,0,0:0:0:0:
448,192,185691,1,0,0:0:0:0:
320,192,185691,1,0,0:0:0:0:
64,192,185691,128,0,186159:0:0:0:0:
192,192,186159,128,0,186628:0:0:0:0:
320,192,186628,128,0,187097:0:0:0:0:
448,192,187097,128,0,187566:0:0:0:0:
192,192,187566,128,0,188034:0:0:0:0:
320,192,188034,128,0,188503:0:0:0:0:
64,192,188503,128,0,188972:0:0:0:0:
448,192,188972,1,0,0:0:0:0:
320,192,189089,1,0,0:0:0:0:
192,192,189206,1,0,0:0:0:0:
64,192,189323,1,0,0:0:0:0:
